2.33330935
2.34624423
2.34192874
4.69248847
4.62365563
0.0
4.61508568
4.62365563
2.31611654
4.61508568
0.0
4.58942059
4.61508568
2.30754284
4.64081808
2.33330935
2.33761712
4.68385747
2.34192874
4.70977383
2.35921414
2.35488692
4.70977383
4.71842827
2.3635453
2.36788042
2.34624423
4.65801086
4.64081808
2.2947103
4.5467925
2.25217227
4.44521181
4.35295644
2.17647822
4.3780382
4.47896044
2.27765179
4.52130239
4.57234747
2.30754284
4.63223308
4.61508568
2.31611654
4.62365563
2.33330935
2.34192874
4.68385747
2.33761712
4.67523423
4.68385747
2.35056362
2.33761712
4.64081808
2.39833854
4.77052167
2.38961601
4.77923201
7.12968783
2.34192874
4.64081808
4.66661871
2.32900543
4.68385747
4.71842827
2.36788042
4.76181942
2.36788042
2.3635453
4.77923201
2.38090971
4.77923201
4.79667708
0.0
4.78795047
4.77923201
2.38526084
4.76181942
2.38090971
4.77052167
4.77052167
2.36788042
4.69248847
4.67523423
2.34192874
4.68385747
2.34192874
4.75312522
4.78795047
2.41145308
4.83166572
4.90204451
2.43779449
4.84920983
4.85799445
0.0
4.8404336
2.38526084
4.80541188
4.85799445
2.42460491
4.85799445
4.85799445
2.41583286
7.27381474
0.0
7.2606504
2.4202168
2.41583286
4.83166572
2.4202168
4.84920983
4.94630926
2.51327006
5.08944771
2.57186516
2.60374616
5.22579705
2.6083199
5.20749232
2.54472386
2.5492357
5.06243225
5.06243225
2.53121613
4.95518834
2.46871947
4.92857733
4.91972441
2.43339374
4.83166572
2.40707745
4.81415489
4.8404336
2.43339374
4.91972441
2.45986221
4.91088015
2.46428866
2.46871947
4.94630926
4.97297289
2.49539643
2.5087949
2.51327006
5.02654012
5.00864851
2.48648644
2.47315463
4.98187843
2.46871947
4.90204451
2.43779449
4.80541188
2.36788042
2.34624423
4.61508568
2.2989841
4.61508568
2.33330935
2.37656261
4.79667708
2.40270594
4.75312522
4.73576085
0.0
4.69248847
4.69248847
2.34192874
4.69248847
2.34624423
2.35488692
4.71842827
2.37221952
4.77052167
4.77052167
0.0
4.76181942
2.36788042
4.70977383
4.69248847
0.0
4.64941067
4.64081808
2.30326161
4.55530357
2.26914432
2.26489597
4.55530357
2.2947103
4.61508568
2.32470533
4.67523423
2.34192874
2.34624423
4.70112724
4.69248847
2.34624423
4.68385747
2.34192874
4.79667708
4.7270906
2.31611654
13.74264107
4.53828864
2.29044018
4.55530357
4.56382188
2.25640997
4.51281993
4.51281993
2.25640997
4.52130239
0.0
4.55530357
4.58088036
2.30754284
4.64081808
2.34192874
2.34624423
4.66661871
4.67523423
2.35921414
4.7270906
2.32470533
4.45363869
4.3780382
2.16396615
4.34460871
4.25319581
2.20158926
4.58088036
4.58942059
2.2947103
2.34624423
4.64081808
2.33330935
4.68385747
2.32040904
2.39833854
4.77052167
2.37656261
4.70977383
2.37221952
2.40270594
4.80541188
4.78795047
2.41583286
4.79667708
2.39397524
4.75312522
4.70112724
2.3635453
4.7270906
4.69248847
2.35921414
4.71842827
4.71842827
2.35488692
2.35056362
4.70112724
2.35921414
4.70977383
0.0
4.74443904
4.75312522
2.38961601
4.76181942
2.35921414
2.33761712
4.64941067
2.31182781
4.58942059
4.5979682
2.30326161
4.5979682
4.56382188
2.2947103
4.58942059
4.5979682
2.29044018
4.5467925
4.52130239
0.0
4.47051297
2.24793809
4.48741483
2.27765179
2.30326161
4.61508568
4.61508568
0.0
4.64941067
4.73576085
2.34192874
4.68385747
2.32900543
4.63223308
4.5979682
2.24370742
4.47051297
4.4620724
2.21418918
4.45363869
4.52979195
2.28617373
2.2947103
4.5979682
2.32470533
4.66661871
2.35056362
2.34192874
4.67523423
4.68385747
2.35488692
2.35488692
4.7270906
2.37656261
4.79667708
2.39833854
2.37656261
4.74443904
3.90047118
4.24975878
1.46003625
4.12182835
3.87234688
4.13676936
3.90047118
1.46003625
4.10691586
3.87936786
4.13676936
1.45476295
4.17424813
3.93577953
2.45544008
4.91088015
2.42460491
2.43339374
4.92857733
2.42899722
4.89321746
2.43339374
2.43339374
4.81415489
4.82290616
2.41145308
2.40270594
4.76181942
2.35056362
4.66661871
2.31611654
2.30754284
4.58942059
2.29044018
4.58088036
4.58088036
0.0
4.58088036
2.26914432
4.57234747
4.58942059
0.0
4.61508568
4.5979682
2.2947103
4.58942059
2.30326161
4.58942059
4.53828864
2.26914432
4.5467925
4.53828864
4.58942059
2.31611654
4.68385747
4.62365563
2.32470533
2.34192874
4.66661871
2.33330935
4.71842827
0.0
4.71842827
4.71842827
2.35921414
2.3635453
4.71842827
2.37656261
4.75312522
4.79667708
2.42899722
4.76181942
4.71842827
2.34624423
4.68385747
4.65801086
2.34192874
4.7270906
4.79667708
2.40707745
2.40707745
4.82290616
2.43339374
4.85799445
4.86678748
0.0
4.91972441
4.93743893
2.49093922
2.50432426
5.0984714
2.49093922
4.94630926
4.92857733
2.45986221
4.90204451
4.86678748
2.44660873
4.85799445
4.84920983
2.42899722
4.87558898
4.89321746
4.91088015
0.0
4.94630926
4.95518834
2.4820381
4.9640762
2.4820381
2.4820381
4.9640762
4.93743893
0.0
4.95518834
5.01758981
2.51327006
5.00864851
4.95518834
2.49539643
4.91088015
4.90204451
2.45544008
4.93743893
4.94630926
2.48648644
4.98187843
4.97297289
2.48648644
2.48648644
5.01758981
2.4820381
4.93743893
2.45986221
2.46871947
4.97297289
4.95518834
2.46871947
2.49093922
4.95518834
2.4820381
5.00864851
4.99971621
2.53121613
5.07142817
5.07142817
5.04446794
2.53121613
5.05344552
5.05344552
2.53121613
5.05344552
5.04446794
0.0
5.08043331
5.08043331
2.54021666
2.5492357
5.11654677
2.56279926
4.34906475
4.33370069
1.53496403
4.36446074
4.37988888
4.35675874
1.78762654
4.32603055
4.04275642
4.24975878
4.2725591
1.77499986
4.31836832
4.06434665
4.31836832
4.34137874
1.80984975
4.41860137
4.46532852
4.21738467
1.82902897
4.41084251
5.18922649
2.59461324
5.18010807
2.59005404
2.59005404
5.18922649
5.17099928
2.59917728
2.59005404
5.12559852
2.53571409
5.02654012
2.47759417
2.45986221
4.91972441
2.4998581
5.07142817
2.57186516
2.54472386
4.9640762
4.99971621
2.49539643
2.5087949
5.01758981
2.5087949
5.05344552
4.99971621
0.0
5.08944771
2.5492357
5.1075044
5.12559852
2.55827338
5.08043331
5.08944771
2.54021666
5.02654012
5.00864851
2.53571409
5.07142817
5.11654677
2.57640522
5.15281044
2.57640522
2.57640522
5.13465969
5.08944771
0.0
5.03549949
5.06243225
2.54472386
5.15281044
2.56279926
2.56732985
5.15281044
2.58095004
5.15281044
5.11654677
2.54021666
5.07142817
5.04446794
2.51774974
5.04446794
5.07142817
2.53571409
5.07142817
5.07142817
0.0
5.04446794
4.99971621
4.99079286
5.08043331
2.59005404
2.5087949
5.01758981
5.02654012
0.0
5.0984714
5.13465969
2.52672276
5.02654012
4.94630926
2.46871947
4.88439896
4.77923201
2.38961601
4.82290616
4.88439896
5.04446794
2.51327006
5.05344552
5.22579705
0.0
5.30865696
5.30865696
5.32718046
2.5537522
2.50432426
5.03549949
5.03549949
2.48648644
4.9640762
4.91972441
0.0
4.88439896
4.84920983
2.4202168
4.83166572
4.84920983
2.42460491
4.83166572
4.82290616
4.80541188
2.40270594
4.81415489
4.80541188
0.0
4.78795047
4.77923201
2.38090971
4.77052167
2.38961601
2.38961601
4.78795047
4.78795047
2.39397524
2.38526084
4.78795047
2.39833854
4.83166572
4.83166572
2.41583286
4.86678748
4.91972441
2.46428866
4.9640762
4.9640762
2.46871947
4.90204451
2.46871947
2.4998581
5.04446794
5.18922649
2.59461324
2.59461324
5.17099928
2.47759417
4.93743893
2.46428866
2.44660873
4.82290616
4.80541188
2.40270594
2.39397524
4.77052167
2.37656261
4.74443904
4.74443904
2.37221952
4.75312522
4.74443904
2.38961601
2.38961601
4.78795047
2.4202168
4.88439896
0.0
4.81415489
4.82290616
2.42460491
4.87558898
2.45544008
2.45102225
4.92857733
4.91972441
0.0
4.94630926
4.91972441
2.45986221
2.45102225
4.85799445
2.4202168
4.85799445
2.43339374
2.43339374
4.86678748
2.43339374
2.44219948
4.91972441
2.46428866
4.93743893
4.93743893
0.0
4.92857733
4.93743893
2.47315463
4.94630926
2.47759417
2.46871947
4.97297289
2.52223397
5.03549949
4.98187843
4.94630926
2.45986221
4.95518834
4.94630926
2.48648644
4.97297289
4.98187843
2.50432426
5.04446794
2.52223397
2.51327006
5.03549949
5.01758981
0.0
5.01758981
5.01758981
2.51774974
2.53121613
5.02654012
2.5087949
5.01758981
2.50432426
4.97297289
4.93743893
2.45102225
4.90204451
4.91088015
4.91972441
2.45986221
4.91972441
4.90204451
2.45102225
2.46428866
4.94630926
2.45986221
7.4327825
0.0
4.9640762
5.00864851
2.48648644
4.97297289
2.47759417
2.47759417
4.94630926
4.9640762
2.46871947
4.91972441
4.87558898
2.41583286
4.84920983
4.88439896
2.43779449
4.90204451
4.91972441
4.93743893
0.0
4.97297289
5.02654012
2.52223397
5.04446794
2.52223397
2.52672276
5.07142817
5.1075044
0.0
5.11654677
5.13465969
2.57640522
5.16190009
2.56732985
5.11654677
5.14373032
2.53571409
5.08043331
5.05344552
5.1075044
2.60374616
2.61748204
5.25332767
2.65432848
5.30865696
5.30865696
0.0
5.3736677
5.42979382
2.7008419
5.44858649
2.73842758
5.52418431
2.82426237
5.64852473
5.61006557
2.83391111
5.50522023
2.71020666
2.67287231
5.31791364
5.30865696
2.67287231
5.33645744
5.33645744
2.64970518
5.28094734
5.28094734
2.64508692
2.64508692
5.29017384
2.65432848
5.31791364
2.66822872
2.66822872
5.34574462
5.33645744
0.0
5.35504204
5.3736677
2.68683385
5.35504204
5.33645744
2.65895682
5.23496409
5.22579705
2.65432848
5.27173083
5.25332767
0.0
5.26252429
5.25332767
2.62207048
5.22579705
2.6083199
2.6083199
5.22579705
5.22579705
0.0
5.27173083
5.27173083
2.63586542
2.64047367
5.34574462
2.70552166
5.3923347
2.62666384
2.56279926
5.04446794
5.06243225
0.0
4.99079286
2.4998581
5.18010807
2.65895682
2.71020666
5.49575443
5.53368266
0.0
5.61966347
5.64852473
2.84358269
2.84842708
5.74547159
2.74787722
5.42979382
5.51469684
2.77635608
5.44858649
2.67287231
2.54021666
5.01758981
4.97297289
2.47315463
4.93743893
4.93743893
2.48648644
4.9640762
4.94630926
2.46428866
2.46428866
4.92857733
2.45986221
4.91088015
2.45102225
2.45102225
4.89321746
4.88439896
0.0
4.84920983
4.85799445
2.41145308
4.80541188
4.79667708
2.37656261
4.65801086
4.58942059
2.29044018
4.56382188
2.28191094
4.5979682
2.32470533
4.66661871
4.71842827
2.37221952
4.7270906
2.38090971
2.39397524
4.82290616
4.88439896
0.0
4.94630926
4.97297289
2.4998581
2.5087949
5.04446794
2.52223397
5.00864851
4.94630926
2.45102225
4.85799445
4.79667708
4.79667708
2.39833854
4.80541188
4.81415489
2.42460491
2.43779449
4.88439896
2.42899722
4.87558898
2.43339374
2.40270594
4.74443904
4.7270906
0.0
4.7270906
4.71842827
2.37221952
4.74443904
4.74443904
2.35056362
4.64081808
2.28191094
2.25217227
4.47051297
4.45363869
2.24793809
4.5467925
4.58942059
4.64081808
2.34624423
4.71842827
0.0
4.75312522
4.82290616
2.40707745
2.44219948
4.91972441
2.45544008
4.91088015
2.46871947
2.45986221
4.89321746
4.88439896
2.42460491
4.76181942
4.70112724
4.57234747
2.23525649
4.4620724
4.50434454
0.0
4.57234747
4.60652322
2.32470533
4.68385747
4.69248847
0.0
4.74443904
4.77052167
2.41583286
2.41145308
4.86678748
2.4820381
2.4820381
4.97297289
4.97297289
2.48648644
4.91088015
2.4202168
4.81415489
4.81415489
2.41145308
4.8404336
4.84920983
0.0
4.88439896
4.88439896
2.45102225
4.91088015
2.45544008
2.45986221
4.94630926
4.9640762
0.0
4.92857733
4.93743893
2.47759417
2.4820381
4.99971621
2.4998581
2.49539643
2.4998581
4.98187843
4.95518834
0.0
4.93743893
4.92857733
2.46871947
2.47315463
4.95518834
2.48648644
4.97297289
2.49539643
2.50432426
5.02654012
5.03549949
0.0
5.00864851
5.02654012
0.0
5.04446794
5.05344552
2.53571409
5.08043331
2.54021666
5.08944771
5.08944771
2.5492357
5.0984714
5.08043331
0.0
5.04446794
5.04446794
5.07142817
2.54472386
5.0984714
5.11654677
0.0
5.12559852
5.13465969
2.56732985
2.55827338
5.12559852
2.5537522
5.1075044
2.5492357
2.5537522
5.08944771
5.03549949
2.4998581
4.97297289
2.4820381
4.91088015
4.87558898
4.81415489
2.41145308
4.86678748
4.91088015
2.47315463
2.47759417
4.9640762
2.48648644
4.9640762
2.47759417
2.47759417
4.93743893
4.91972441
0.0
4.90204451
4.88439896
2.43779449
4.85799445
4.83166572
2.41583286
4.80541188
2.41583286
2.39833854
4.77923201
4.81415489
2.41145308
4.83166572
4.85799445
4.88439896
2.44219948
4.87558898
2.43339374
2.42899722
4.87558898
4.87558898
0.0
4.89321746
4.91972441
2.4820381
2.48648644
4.99079286
2.49093922
4.97297289
4.97297289
2.4820381
4.94630926
2.47315463
4.9640762
4.98187843
4.97297289
2.4820381
4.95518834
4.93743893
2.46428866
2.46428866
2.46428866
4.9640762
4.99079286
0.0
5.01758981
5.01758981
2.51774974
5.04446794
2.51774974
2.51774974
5.03549949
5.02654012
2.51774974
5.00864851
5.02654012
2.4998581
4.98187843
4.98187843
2.4998581
4.99971621
4.99079286
2.49093922
4.95518834
4.91972441
0.0
4.92857733
4.92857733
2.47315463
2.45102225
4.85799445
2.4202168
4.83166572
4.82290616
2.39833854
4.78795047
2.38526084
2.37656261
4.69248847
4.68385747
2.33330935
4.60652322
4.67523423
2.32040904
4.63223308
4.66661871
2.34624423
4.71842827
4.70977383
0.0
4.69248847
4.69248847
2.35921414
2.35488692
4.70112724
2.35488692
4.7270906
4.75312522
0.0
4.80541188
4.80541188
2.41145308
2.41583286
2.42460491
4.81415489
4.77923201
2.40270594
2.39397524
4.78795047
2.4202168
4.89321746
2.44660873
2.47759417
4.98187843
2.4998581
4.93743893
2.46428866
2.45102225
4.90204451
4.88439896
2.43779449
4.87558898
4.89321746
0.0
4.91088015
4.90204451
2.44219948
4.91972441
4.93743893
2.46871947
4.88439896
4.8404336
2.39833854
4.79667708
4.74443904
2.3635453
4.71842827
4.74443904
0.0
4.75312522
4.76181942
2.38526084
4.77052167
0.0
4.78795047
4.77052167
2.38090971
4.73576085
4.7270906
2.35921414
4.70977383
4.68385747
2.35488692
4.70977383
4.67523423
2.31182781
4.63223308
4.64941067
2.37221952
2.42460491
4.95518834
2.46871947
4.91972441
2.44660873
2.43339374
4.84920983
2.42460491
4.85799445
4.91088015
0.0
4.91088015
4.91972441
2.45102225
4.84920983
2.40270594
4.71842827
4.69248847
2.31611654
4.67523423
2.33330935
4.71842827
4.77923201
4.77052167
2.40270594
2.39397524
4.85799445
2.43339374
4.88439896
4.85799445
0.0
4.8404336
2.41583286
4.85799445
2.4202168
2.4202168
4.84920983
4.84920983
2.41583286
4.91972441
4.90204451
2.44660873
4.91088015
4.92857733
2.44660873
4.84920983
4.83166572
2.41145308
4.82290616
4.82290616
0.0
4.83166572
2.41583286
4.89321746
4.90204451
0.0
4.90204451
4.85799445
2.42899722
4.8404336
4.8404336
2.4202168
4.79667708
2.35488692
2.32040904
4.75312522
4.71842827
2.35921414
4.67523423
4.64941067
2.33330935
4.66661871
4.65801086
2.3635453
4.70112724
2.35488692
2.39397524
4.81415489
4.78795047
2.40270594
2.38526084
4.78795047
2.39833854
4.79667708
2.40707745
4.80541188
4.80541188
2.38090971
3.77474262
4.02539672
1.40257027
3.9739491
3.71952853
3.9886152
3.83036038
3.88639556
4.18929073
3.97126096
4.26495134
1.50259455
4.2725591
4.09323741
5.07142817
2.55827338
2.59917728
5.18922649
2.54472386
5.07142817
2.51774974
2.45102225
4.82290616
4.7270906
0.0
4.50434454
4.45363869
2.22681935
4.48741483
0.0
4.67523423
4.74443904
2.36788042
4.74443904
2.38961601
2.39833854
4.79667708
2.38090971
2.38961601
4.77923201
2.41145308
4.82290616
4.8404336
2.43779449
4.89321746
4.85799445
2.38090971
4.60652322
2.25640997
4.47051297
4.48741483
2.26065119
4.56382188
4.5979682
4.70112724
2.38090971
2.39833854
2.45102225
4.92857733
4.91088015
0.0
4.91088015
4.91972441
2.45544008
4.86678748
2.43779449
2.43779449
4.87558898
4.88439896
2.43779449
4.90204451
2.44219948
4.8404336
4.68385747
2.32470533
4.64941067
4.5979682
2.35921414
4.75312522
4.88439896
2.45102225
2.46428866
4.91972441
2.45544008
4.92857733
2.45986221
2.44660873
4.88439896
2.45102225
4.90204451
2.44660873
2.43339374
4.8404336
4.8404336
2.41583286
4.95518834
4.97297289
2.44219948
4.84920983
4.80541188
2.38090971
4.70112724
4.66661871
2.35488692
4.73576085
4.76181942
0.0
4.70977383
4.77052167
2.38090971
2.38090971
4.84920983
2.42460491
4.8404336
4.82290616
2.40707745
4.81415489
0.0
4.79667708
4.84920983
2.40270594
4.73576085
4.68385747
2.34192874
4.64941067
4.71842827
2.33761712
4.70112724
4.74443904
2.40270594
2.40707745
4.81415489
2.39397524
4.80541188
4.77923201
0.0
4.81415489
4.80541188
2.4202168
4.85799445
2.42899722
4.83166572
4.79667708
2.35921414
2.31611654
4.58088036
2.28191094
4.58088036
4.64081808
2.35921414
4.81415489
4.89321746
2.47759417
4.91088015
4.92857733
0.0
4.88439896
4.89321746
2.47759417
2.52223397
5.02654012
2.48648644
4.94630926
4.94630926
0.0
4.92857733
2.40707745
4.75312522
4.64941067
2.31182781
4.74443904
4.91972441
2.38090971
4.81415489
2.44660873
4.93743893
4.99079286
0.0
4.9640762
4.93743893
2.47759417
2.4998581
4.93743893
2.50432426
4.99971621
0.0
4.99971621
5.13465969
2.58095004
2.4998581
4.92857733
2.42899722
4.78795047
0.0
4.64081808
4.56382188
2.24793809
2.30326161
4.64081808
2.35056362
4.81415489
0.0
4.80541188
4.88439896
2.4202168
2.39833854
4.74443904
2.37656261
4.76181942
2.38090971
2.37221952
4.74443904
2.36788042
4.69248847
4.65801086
2.31611654
4.58088036
2.26065119
4.49587619
4.52130239
2.27765179
4.53828864
4.5467925
2.26914432
2.26489597
4.57234747
2.28191094
4.58942059
2.2947103
2.30326161
4.64081808
4.66661871
0.0
4.65801086
4.64941067
2.32040904
4.64081808
4.61508568
2.31611654
4.5979682
4.5467925
0.0
4.52979195
2.26065119
4.47896044
4.4620724
2.2226059
4.41157181
4.43679171
2.23525649
2.25640997
4.49587619
2.26065119
4.52979195
2.28617373
2.28617373
4.58942059
4.62365563
0.0
4.62365563
2.30754284
4.61508568
4.4620724
2.19320587
4.26147551
4.22839236
2.10594304
4.13788963
4.11332348
2.10594304
4.23665427
4.33626734
0.0
4.3780382
2.26489597
4.70977383
2.38090971
2.33761712
4.58942059
4.67523423
0.0
4.53828864
4.52130239
2.25217227
4.5979682
4.56382188
2.24793809
4.41997175
2.17230435
2.13488061
4.22013631
4.21188607
2.09358495
4.26147551
4.33626734
2.26914432
4.66661871
4.75312522
0.0
4.84920983
4.80541188
2.39397524
2.38526084
2.35921414
4.68385747
4.65801086
2.2989841
2.30326161
4.63223308
2.29044018
4.56382188
4.44521181
2.1890191
4.27805296
4.22013631
2.10182081
4.21188607
4.24492208
2.15564053
4.38641175
4.44521181
0.0
4.58088036
4.66661871
2.34624423
2.35921414
4.69248847
2.33761712
4.64941067
2.32900543
2.3635453
4.7270906
4.70112724
2.30326161
4.53828864
4.39479184
2.14732736
4.21188607
2.07714711
4.14608918
2.06894482
3.60115613
3.42908062
3.6929174
3.85754534
3.64424286
3.90827297
1.63331655
3.77474262
4.09203166
2.49539643
2.53571409
5.19835456
2.6083199
5.25332767
2.66822872
2.64508692
5.03549949
4.89321746
0.0
4.76181942
2.28191094
4.49587619
2.19739592
2.1890191
4.45363869
4.58088036
0.0
4.94630926
5.07142817
2.57186516
5.20749232
0.0
5.33645744
5.31791364
2.63126214
2.61289853
5.15281044
2.5492357
5.08944771
5.12559852
2.5087949
4.91972441
4.77052167
2.28191094
4.52979195
4.4620724
2.21839586
4.44521181
2.22681935
2.28191094
4.70977383
4.84920983
2.44219948
4.99971621
0.0
4.94630926
5.01758981
2.50432426
2.52672276
5.06243225
2.4998581
4.99971621
4.9640762
2.45986221
4.89321746
4.79667708
0.0
4.39479184
2.18483558
4.36967115
4.36131058
4.35295644
2.1890191
4.41157181
4.56382188
2.33761712
4.62365563
4.63223308
0.0
4.68385747
2.37221952
4.81415489
2.43779449
2.44660873
4.92857733
4.85799445
2.43779449
4.91088015
4.76181942
2.30754284
2.27339625
4.58088036
4.5467925
2.22681935
4.50434454
4.52130239
2.2989841
4.64941067
4.67523423
2.34192874
4.66661871
4.63223308
0.0
4.58942059
4.57234747
2.30326161
2.32040904
4.64081808
2.32470533
4.66661871
4.74443904
2.3635453
4.65801086
2.24793809
4.41157181
4.29465471
0.0
4.13788963
4.12969552
4.22013631
4.28635078
4.40317852
4.52130239
4.66661871
4.73576085
4.70977383
2.35921414
4.52130239
4.52130239
4.50434454
4.50434454
4.55530357
2.2989841
4.60652322
4.66661871
4.63223308
4.55530357
2.2310362
4.41157181
4.31960355
2.13902648
2.06075341
4.09697274
4.10514547
2.10182081
4.25319581
4.43679171
2.27339625
4.42837837
4.3780382
0.0
4.45363869
4.49587619
2.25217227
2.27339625
4.52979195
2.28617373
4.62365563
4.64941067
2.32470533
4.53828864
4.4620724
2.18483558
2.16813367
2.14732736
4.22839236
4.19540291
2.11832714
4.23665427
4.26147551
2.2226059
4.61508568
4.77923201
0.0
5.01758981
5.07142817
2.5492357
2.58095004
2.6083199
5.22579705
5.23496409
0.0
5.31791364
5.25332767
2.4820381
4.57234747
2.16396615
2.11832714
4.13788963
4.06433395
0.0
4.06433395
2.06894482
4.24492208
2.2057859
2.3635453
4.84920983
4.98187843
2.53121613
2.54021666
5.04446794
2.57640522
5.14373032
2.62666384
2.59005404
5.16190009
2.56279926
5.07142817
4.7270906
2.32040904
4.56382188
4.70977383
2.32900543
4.61508568
4.52979195
2.26489597
4.53828864
4.53828864
2.28617373
4.60652322
4.62365563
2.31611654
4.65801086
6.96122713
2.32900543
4.67523423
4.70112724
2.36788042
2.37221952
4.75312522
2.38961601
4.77923201
4.76181942
2.37656261
4.7270906
4.69248847
2.33330935
4.80541188
4.8404336
2.44219948
4.91088015
4.91972441
2.47315463
2.4998581
5.06243225
2.57186516
5.20749232
2.63126214
2.69616735
5.40168379
5.43918487
2.74314971
2.76209215
5.61006557
2.8290839
5.53368266
5.26252429
2.5537522
4.99971621
4.86678748
0.0
7.15578251
4.81415489
2.39833854
4.87558898
4.89321746
2.45986221
2.4820381
4.99079286
2.47315463
4.92857733
4.92857733
0.0
4.93743893
4.95518834
2.47315463
2.46871947
4.91972441
2.46871947
4.90204451
4.76181942
2.35488692
4.67523423
4.57234747
2.24370742
4.48741483
4.47896044
2.26065119
4.47896044
4.52979195
2.2989841
4.5979682
4.58942059
0.0
4.68385747
4.69248847
2.38526084
4.75312522
2.3635453
3.79555123
4.04015644
3.78860868
3.76781907
4.00330776
3.77474262
4.01066403
3.73329497
3.72640869
1.62128158
3.65105751
3.63063091
3.83589694
3.58993187
3.62383356
3.8792486
3.74018739
4.12182835
3.97837831
3.87936786
1.6666368
3.85832493
5.00864851
5.07142817
3.99977297
1.74054051
4.00691881
3.96415067
4.12182835
3.81641734
3.90827297
3.60347564
3.54943337
3.74270174
3.5427027
3.56965792
3.79276154
3.64424286
3.71265447
3.9886152
1.41552848
4.04754651
3.81641734
3.79555123
4.02539672
1.42072825
4.71842827
2.34624423
0.0
4.60652322
2.28191094
2.26489597
4.52130239
4.45363869
2.22681935
2.23948022
4.47896044
2.22681935
4.33626734
4.39479184
0.0
4.63223308
4.61508568
2.31611654
2.31611654
4.65801086
2.3635453
4.78795047
4.79667708
0.0
4.90204451
4.98187843
2.47315463
4.95518834
4.93743893
2.42460491
4.83166572
2.38526084
2.26065119
4.47896044
2.2310362
4.4620724
4.47896044
4.51281993
2.26489597
4.53828864
4.55530357
2.28191094
4.5979682
4.64941067
2.32900543
4.63223308
4.64081808
0.0
4.76181942
4.8404336
2.41145308
4.82290616
2.4202168
2.43339374
4.77052167
4.71842827
2.34192874
4.5979682
4.49587619
2.1890191
4.41997175
4.36131058
4.41157181
2.21418918
4.48741483
4.58088036
2.32470533
4.62365563
4.62365563
0.0
4.5979682
4.61508568
2.32470533
4.63223308
2.32900543
2.32470533
4.61508568
4.58942059
2.26489597
4.47896044
4.41997175
2.18483558
4.30296479
4.23665427
2.17230435
4.29465471
4.41997175
4.35295644
2.19739592
4.42837837
4.5467925
0.0
4.57234747
4.57234747
2.29044018
4.5979682
2.30326161
2.30326161
4.62365563
4.75312522
2.37656261
2.35488692
4.68385747
2.35056362
4.67523423
4.64941067
2.30326161
4.52130239
4.47896044
2.21418918
4.38641175
4.35295644
2.21418918
4.44521181
4.47896044
2.26489597
4.58088036
4.61508568
0.0
4.70977383
4.74443904
2.39397524
4.82290616
2.40707745
2.38526084
4.79667708
4.76181942
2.44660873
4.93743893
4.93743893
12.25511127
14.8123168
17.28103626
17.06456142
19.36173439
21.74249575
26.47785192
24.20216799
12.12302457
4.84920983
4.85799445
4.85799445
4.88439896
2.40707745
4.84920983
2.40707745
2.4202168
4.81415489
4.76181942
2.39833854
4.77052167
4.7270906
4.60652322
0.0
4.47051297
3.82149476
15.06118523
11.12903799
10.87150067
13.00689237
13.05550902
10.76506884
3.9739491
4.00330776
4.04754651
4.30915542
1.68495421
4.11436856
4.12182835
4.88439896
2.45986221
2.46871947
5.00864851
4.99079286
4.92857733
0.0
4.73576085
4.71842827
2.28191094
2.26065119
4.58088036
2.24370742
4.47051297
4.58942059
0.0
4.67523423
4.70112724
2.35921414
4.70977383
2.35488692
2.37656261
4.77923201
4.80541188
0.0
4.8404336
4.92857733
2.50432426
5.01758981
4.80541188
2.32040904
4.5467925
4.53828864
2.2226059
4.30296479
4.39479184
2.13488061
4.28635078
4.34460871
2.20998587
4.50434454
2.31182781
4.65801086
2.35921414
4.74443904
2.39833854
4.80541188
2.40707745
4.83166572
4.8404336
2.55827338
2.59917728
5.22579705
4.86678748
2.34192874
4.56382188
4.4620724
2.18065529
4.41157181
4.38641175
2.32040904
4.58088036
15.49932429
19.9655627
7.01285135
7.12968783
4.90204451
0.0
4.90204451
4.75312522
2.4820381
5.03549949
2.59917728
2.61748204
5.19835456
4.90204451
2.59461324
4.90204451
4.64081808
2.26065119
4.47051297
4.41157181
2.18065529
4.33626734
4.3279323
0.0
2.19320587
2.2310362
2.26065119
0.0
2.33761712
2.35921414
0.0
2.37221952
2.45544008
0.0
2.60374616
1.8194241
1.86451316
1.8418835
1.82582393
1.7467775
1.68495421
1.6303038
1.58245584
1.56763615
1.55582413
1.53524411
1.30588693
1.52061305
1.5293849
8.02209457
3.79993603
3.93010728
6.34652177
4.01802701
4.06234721
1.67578266
4.05494342
4.0697579
2.38961601
4.78795047
4.71842827
2.36788042
4.71842827
4.7270906
4.64941067
2.28617373
4.51281993
4.40317852
2.17230435
4.26147551
4.27805296
2.12246104
4.19540291
4.24492208
4.30296479
2.16396615
4.39479184
4.39479184
2.21839586
4.44521181
2.25217227
2.26914432
4.58088036
4.5979682
2.30754284
2.2989841
4.53828864
2.25217227
4.47896044
4.40317852
4.3780382
2.14732736
4.24492208
4.14608918
2.0403215
4.03990846
3.95072304
1.99154393
4.00741059
4.22013631
2.20158926
4.52130239
2.29044018
2.34192874
4.66661871
4.56382188
2.31182781
2.34192874
4.70977383
2.34192874
4.67523423
4.58088036
0.0
4.22839236
4.13788963
2.06484776
3.99929826
1.98749486
3.99119069
2.01588832
4.06433395
4.10514547
0.0
4.34460871
4.50434454
2.32470533
4.7270906
2.33761712
2.33761712
4.7270906
4.77052167
2.34192874
2.41583286
4.93743893
4.89321746
2.26489597
3.2522005
1.05297152
4.11332348
4.02364974
3.97498972
1.95921531
3.91036852
3.8540522
1.9270261
3.94264325
4.02364974
2.09770145
4.3780382
2.20998587
2.30326161
4.55530357
4.55530357
4.52130239
0.0
4.47896044
4.49587619
2.1890191
4.41157181
4.30296479
2.07304459
3.94264325
1.93908141
3.81394747
3.74199378
3.65441763
1.83913262
3.6147276
3.65441763
0.0
3.79793241
3.96689624
2.06075341
4.21188607
4.3279323
0.0
4.4620724
4.51281993
2.27765179
4.58942059
2.2947103
4.58088036
2.28617373
4.49587619
4.40317852
2.17230435
4.23665427
4.20364162
2.08536044
4.17072087
4.17894257
2.09358495
4.20364162
4.21188607
4.24492208
2.14732736
4.43679171
2.2310362
2.27765179
4.60652322
4.62365563
2.31182781
2.25217227
4.52130239
2.40707745
4.70977383
4.64941067
4.57234747
2.26914432
4.52130239
4.45363869
2.20158926
4.27805296
4.23665427
2.15980178
4.33626734
2.17230435
2.17647822
4.40317852
4.48741483
2.27765179
4.5979682
4.64941067
0.0
4.70112724
4.73576085
4.76181942
0.0
4.78795047
4.78795047
2.35056362
4.66661871
4.60652322
2.26914432
4.51281993
2.2947103
4.60652322
4.58088036
4.53828864
2.2310362
4.41157181
4.33626734
2.16396615
2.17230435
4.31128106
2.16396615
4.36967115
2.1890191
2.18483558
4.38641175
4.3780382
0.0
4.38641175
4.39479184
2.20158926
4.40317852
4.36967115
2.17647822
4.33626734
3.99119069
1.99559535
3.90231073
1.91498884
1.90296903
3.82196066
3.95072304
2.02402263
4.19540291
2.13902648
2.18483558
4.45363869
4.51281993
2.27339625
2.29044018
4.5979682
2.30754284
4.5979682
4.58088036
0.0
4.52979195
4.48741483
2.19320587
2.12246104
4.30296479
2.15564053
4.30296479
0.0
4.11332348
4.18716991
2.13073776
2.18065529
4.39479184
2.2310362
4.47051297
2.26065119
2.28191094
4.61508568
4.65801086
0.0
4.66661871
4.66661871
2.35056362
4.64081808
4.51281993
2.21418918
4.36131058
4.31960355
0.0
4.26976122
4.38641175
2.2310362
4.39479184
4.4620724
2.26489597
4.48741483
4.52130239
0.0
4.75312522
2.40707745
4.91088015
2.43339374
2.43339374
4.91972441
4.86678748
0.0
4.86678748
4.83166572
2.34624423
4.56382188
4.44521181
2.1514824
4.20364162
4.23665427
2.07714711
4.09697274
2.04440263
2.06894482
4.14608918
4.18716991
4.27805296
2.23525649
4.45363869
2.18065529
2.21839586
4.5467925
2.35921414
2.41145308
4.90204451
4.99971621
2.51327006
5.00864851
2.24370742
2.15980178
4.16250477
2.05257273
4.07248591
3.99929826
1.98749486
4.03177663
4.08880527
4.17072087
2.10594304
4.24492208
4.31960355
0.0
4.45363869
4.47051297
2.23525649
2.2310362
4.47896044
2.2310362
4.47051297
2.26489597
2.28617373
4.49587619
4.35295644
2.08947129
4.04804526
3.90231073
1.97536152
3.91843063
3.87816282
3.8460234
1.91498884
1.96728397
3.95880736
1.99559535
4.07248591
4.20364162
2.13488061
2.15564053
4.44521181
2.25217227
4.3279323
4.34460871
0.0
4.3279323
4.35295644
2.15980178
4.27805296
4.22013631
2.04848637
3.92649709
3.82196066
3.69417849
1.91899929
1.9270261
3.92649709
1.98749486
4.08880527
4.14608918
2.16813367
4.47051297
4.52979195
0.0
4.36131058
4.38641175
4.41157181
2.21418918
2.22681935
4.60652322
2.2947103
4.56382188
4.3780382
2.14732736
4.19540291
4.07248591
1.99154393
3.87816282
1.9230117
1.91098033
3.83799858
1.9230117
3.91843063
4.01552774
2.06484776
4.26147551
2.14732736
2.16396615
4.40317852
4.41157181
2.19320587
2.20998587
4.41157181
2.2310362
4.44521181
2.1890191
4.34460871
2.10182081
4.14608918
2.04440263
1.99154393
3.91843063
3.87012186
1.91498884
1.90697373
3.862085
1.96728397
4.01552774
2.06894482
2.10182081
4.25319581
4.27805296
0.0
4.29465471
4.27805296
2.13902648
4.29465471
2.15980178
2.16813367
4.3279323
4.30296479
2.14732736
4.28635078
2.11832714
4.12969552
4.080643
3.99929826
1.97940368
4.00741059
4.00741059
1.99964913
4.11332348
4.17894257
2.18065529
2.22681935
4.4620724
2.25640997
4.51281993
2.26914432
2.27765179
4.5467925
4.51281993
2.23948022
4.3780382
4.27805296
2.13902648
2.05666174
4.06433395
4.09697274
1.99559535
3.95880736
3.91843063
1.94310396
4.080643
4.12969552
4.12969552
2.08536044
4.22013631
2.10594304
4.20364162
4.19540291
2.10182081
2.12246104
4.25319581
2.13073776
3.63634502
3.62929703
3.62225419
3.60818377
3.47548448
3.54511274
3.72844999
3.72133247
3.74983604
3.76412161
3.78559289
3.61704191
3.79993603
3.82149476
3.8937483
3.93010728
3.93739812
3.94469537
4.00330776
1.66968259
4.0697579
4.04754651
4.01066403
4.73576085
4.80541188
0.0
4.71842827
4.64941067
4.56382188
2.24370742
6.52943466
4.31960355
2.13488061
4.19540291
4.13788963
2.05257273
4.18716991
4.14608918
4.18716991
0.0
4.4620724
4.57234747
2.20158926
4.4620724
4.56382188
0.0
4.53828864
3.90827297
3.93739812
3.95199907
3.86477363
3.81430261
3.74270174
3.92517952
3.62929703
3.58711586
3.62929703
3.64339816
3.61521644
3.55210119
3.63634502
18.50140178
5.76417764
3.63634502
3.77843004
4.22323962
3.93739812
3.75697598
1.57355667
3.85754534
3.8937483
2.30326161
4.63223308
4.62365563
4.53828864
2.23525649
4.40317852
4.31128106
2.27765179
4.24492208
4.15429422
2.01995423
4.01552774
4.02364974
2.01588832
4.09697274
4.13788963
0.0
4.28635078
4.36967115
2.1890191
4.35295644
4.35295644
0.0
4.33626734
4.34460871
4.36131058
2.18483558
2.18065529
4.3279323
2.12659791
4.28635078
4.21188607
2.13073776
2.10182081
4.40317852
2.24793809
4.30296479
4.23665427
0.0
4.31960355
4.38641175
2.24793809
4.64081808
4.75312522
0.0
4.77923201
4.78795047
2.38090971
4.76181942
4.73576085
2.3635453
4.70112724
4.64081808
2.24370742
2.16396615
4.24492208
2.12659791
4.15429422
4.09697274
2.05666174
4.12969552
4.15429422
4.29465471
4.25319581
4.3279323
0.0
4.42837837
4.4620724
2.24793809
4.50434454
2.26065119
4.57234747
2.2947103
4.56382188
7.31575595
5.16052706
7.05851489
6.84488474
4.6058869
6.74652869
6.48989932
4.47076734
6.5290288
6.66584896
6.35998356
4.39030976
6.58546464
6.46385353
4.5606981
7.0182588
7.61489138
5.24757384
7.688659
7.75873573
5.65768307
7.88572373
4.95518834
4.97297289
2.46871947
4.58942059
4.3279323
2.11419618
4.15429422
4.07248591
2.00370529
3.99929826
13.94080752
11.99789477
11.99789477
14.13967961
16.22474831
14.39663217
2.11419618
4.31128106
4.33626734
2.1514824
4.29465471
2.08947129
2.11832714
4.35295644
4.34460871
4.3780382
0.0
4.3279323
4.27805296
2.08125238
4.05618708
4.03177663
7.94997945
13.88413682
11.77949126
13.20878106
13.46108192
11.53807021
11.58625501
13.43299503
3.92649709
2.04440263
2.10182081
4.24492208
2.1514824
4.31128106
4.3780382
0.0
4.3780382
4.31128106
2.13902648
4.11332348
4.03177663
1.9270261
3.77393745
3.92649709
1.99964913
3.99929826
15.19172964
9.3749363
13.82753065
11.34579644
10.91560042
5.58906356
1.86700821
1.98749486
3.99119069
2.01182487
4.04804526
4.10514547
2.08536044
2.10182081
4.22013631
2.17647822
4.31960355
4.18716991
2.03216697
3.95880736
3.87816282
1.90697373
9.61505851
9.79607656
5.63693802
11.13031221
10.91560042
11.4178142
11.27387604
11.63448846
5.91396488
4.07248591
4.18716991
0.0
4.29465471
4.36967115
2.19739592
4.36131058
2.2057859
2.17230435
3.8577157
3.79069747
1.87312714
3.72410067
3.59936843
3.61397496
1.6322572
3.63591761
3.73783955
1.5770573
3.56292662
3.54837893
1.59323515
3.82246725
3.69463092
1.68145665
3.81298885
3.85024766
1.75791674
4.12737827
3.92517952
1.75791674
4.41157181
4.45363869
2.23948022
4.40317852
4.34460871
2.14317539
4.24492208
4.21188607
4.16250477
2.07714711
4.08880527
4.080643
2.01588832
4.01552774
3.99929826
2.02809354
4.11332348
2.16813367
2.23948022
4.61508568
4.70977383
2.39833854
4.8404336
2.42899722
4.90204451
2.45102225
4.79667708
4.27912732
2.16813367
4.04053602
4.25319581
1.82895028
3.98308786
3.76086699
4.08880527
1.8694324
4.22013631
4.17894257
1.84363773
4.16250477
3.86111725
2.06075341
4.01697275
4.23665427
1.92512383
4.26147551
4.11153568
3.61521644
3.65752008
3.44902485
1.52353475
3.70001298
3.67166302
3.62225419
3.41580897
3.56609247
3.62225419
5.76417764
1.49441643
3.33000381
3.35811459
3.38562468
5.35530992
3.42701014
1.22909182
3.58711586
3.67874245
3.86477363
3.81430261
3.70578647
1.64842084
4.04754651
4.78795047
2.38526084
4.70977383
4.36967115
4.19540291
2.03216697
3.97498972
3.96689624
1.95518426
3.87816282
3.81394747
1.89496523
3.78193215
3.80593807
13.32078323
3.89425721
3.98308786
4.09697274
2.05257273
4.06433395
4.00741059
1.98344812
1.99559535
4.05618708
2.06075341
4.17072087
4.16250477
4.09697274
1.98749486
3.82997768
3.87012186
1.9310425
3.69417849
3.83799858
11.99789477
10.05912434
13.99754389
13.85582574
11.80370385
14.39663217
4.22013631
4.31128106
0.0
4.30296479
4.27805296
2.15980178
4.33626734
2.17230435
2.16813367
4.31960355
4.27805296
4.24492208
2.10594304
4.17072087
4.18716991
8.09609052
12.04658321
15.93235145
18.39962369
18.06987481
20.36242953
24.43491544
22.75839298
20.85360437
8.50639162
6.36738312
4.27805296
2.14732736
4.28635078
4.28635078
2.14732736
2.14732736
4.27805296
4.31128106
2.16813367
4.26147551
2.07714711
2.07714711
4.05618708
3.99119069
1.96324854
3.78193215
1.88696872
3.72604237
7.54787489
7.48398756
11.39379723
9.55490164
13.71450719
8.17761053
4.19540291
6.51691306
2.22681935
4.4620724
2.1890191
4.26976122
2.12659791
4.28635078
4.29465471
2.11006815
4.18716991
4.08880527
13.57356987
11.4418424
13.37686229
13.26475658
13.20878106
13.34881613
15.15972181
13.20878106
13.29276344
15.41620879
3.92649709
0.0
4.41157181
4.47896044
2.26065119
4.4620724
2.1890191
4.34460871
2.15564053
4.30296479
4.33626734
2.16396615
4.35295644
4.36967115
4.3279323
10.81983074
12.90889438
15.03129149
12.68517709
12.66040893
16.58435674
14.62629901
12.73476624
12.93384319
4.26976122
2.11006815
4.23665427
2.14732736
4.36131058
4.40317852
2.21839586
4.47051297
2.24370742
4.44521181
2.2226059
4.39479184
6.49189845
14.91516429
10.59163569
12.51216262
16.28994363
22.30902892
23.99578953
24.14189842
29.19504611
34.49024849
40.64150312
45.15660012
22.84861819
23.34707143
17.21185918
10.79900888
8.67253467
6.50440101
6.52943466
4.40317852
4.39479184
2.21418918
2.20998587
28.18573769
12.95881065
16.88054524
22.71332538
26.47115839
38.45642998
49.58620295
51.04446214
53.77168616
58.69665629
59.76184887
58.85098267
61.55137014
30.00445546
28.34851876
23.89534789
15.35244112
10.92417788
10.8823911
4.34460871
4.31960355
4.31128106
4.28635078
4.26147551
25.37035418
16.81456648
17.01278325
26.63032282
23.89852718
23.46221112
25.20805834
44.22480377
65.45378789
62.43697168
58.89745631
64.11856942
66.12227472
34.6854655
33.76109047
32.20991034
26.2180269
17.61271408
15.49932429
8.7728235
8.83994349
6.73112225
9.11060715
6.71844066
32.20991034
22.98418416
22.6682875
18.14299484
18.21620367
15.70598835
5.73294098
13.40492187
13.32078323
15.19172964
15.44834001
15.41620879
15.80289217
6.01111588
6.19454329
4.27805296
4.3780382
2.25640997
6.8585212
4.58088036
4.58942059
2.28191094
4.5979682
4.49587619
4.25319581
4.22013631
4.11332348
2.02809354
4.00741059
5.99894738
3.94264325
3.96689624
3.91036852
5.75699787
7.64392131
5.80518279
7.83686125
8.11237415
10.22201316
8.19394548
4.17894257
8.37433981
4.22839236
4.33626734
4.43679171
2.17647822
4.41157181
6.57961762
2.11419618
4.17894257
8.27577927
20.73044592
20.56661739
22.26424894
20.36242953
20.36242953
25.73224781
25.52223107
25.67969977
27.09085303
25.78482553
5.95034435
4.080643
8.22664696
4.12150682
4.02364974
4.03990846
2.01182487
4.09697274
4.22013631
4.25319581
4.29465471
4.28635078
2.13902648
24.8273378
16.45329391
22.04075824
24.04446353
25.67969977
27.71165149
29.75172177
31.86470291
39.50723042
45.34039742
43.99228081
24.14189842
16.28994363
12.38908657
6.19454329
6.35498141
6.42952617
4.35295644
2.19320587
4.41997175
4.56382188
2.21839586
6.59218777
4.31960355
4.26147551
4.12969552
16.55155853
10.14046769
1.99154393
5.92608456
3.89425721
11.61036559
23.07614043
21.32989552
19.35060931
3.99119069
4.10514547
4.26976122
6.55450673
4.4620724
2.24370742
4.38641175
4.42837837
4.41157181
2.2057859
4.3279323
6.30546243
2.04848637
4.03177663
3.99929826
21.72897673
15.64147408
14.22516881
14.25370067
14.48261372
19.32594621
16.88054524
16.74867963
18.62050335
10.48850727
6.35498141
8.87358342
4.45363869
6.51691306
4.27805296
4.26147551
4.26147551
2.16813367
6.54196587
4.27805296
12.75958744
21.05943037
12.46288265
14.51131215
16.322572
14.2822505
19.83448118
21.50702686
27.88161505
30.05557942
32.41855347
37.60866987
39.0231073
13.94080752
14.2822505
14.62629901
8.42377215
6.36738312
4.26976122
4.31960355
15.64518035
15.46075696
15.97983941
15.64059134
39.14418458
25.69250505
24.74544588
29.14653281
32.85897954
34.74321275
36.74207879
38.23764349
37.50190646
39.49472205
38.87427344
39.00705852
42.07520039
14.33911631
17.00243687
14.98501716
15.31322062
15.28171948
15.6754897
16.18515428
4.61508568
9.21304644
6.65518757
4.28635078
4.23665427
6.1577182
8.11237415
17.8146331
25.57469167
27.76827365
24.63454794
25.31267188
27.42901438
24.14189842
21.95154881
26.2065481
26.10093028
27.20345546
22.4435365
6.28075486
6.21913378
4.23665427
6.39221327
6.46692159
4.34460871
6.54196587
4.36131058
32.33460796
17.01278325
16.65001907
14.2822505
14.13967961
13.68628982
15.54483169
15.54483169
17.56039828
15.60924292
15.54483169
15.31991071
13.68628982
16.06211094
2.02402263
4.11332348
4.16250477
4.17894257
4.22013631
4.25319581
2.10594304
4.17072087
4.11332348
4.17894257
4.20364162
22.62327913
12.66040893
12.75958744
16.97968831
14.62629901
14.22516881
14.33940459
15.6737225
17.70555577
18.39962369
24.09316642
27.54197565
43.18989652
22.71332538
12.33997044
8.48984416
4.25319581
4.26976122
2.15980178
4.30296479
4.28635078
4.26976122
4.27805296
4.27805296
25.46953247
10.52971518
12.19300184
14.05434708
14.02593706
13.68628982
13.85582574
13.48918269
13.71450719
13.26475658
9.55490164
11.77949126
14.08277408
2.0403215
4.08880527
4.07248591
1.98749486
3.92649709
1.94712861
1.93908141
3.92649709
3.97498972
4.04804526
0.0
4.18716991
4.14608918
2.03216697
4.00741059
3.94264325
11.65862377
19.39081411
13.34881613
14.96797512
17.1627636
23.02799148
21.19728709
25.2603515
7.98238139
8.14497181
6.30546243
6.50440101
2.2226059
2.17647822
4.31960355
4.33626734
2.11832714
2.08125238
4.13788963
4.09697274
2.04848637
4.04804526
12.11972538
17.96035812
13.51729751
13.57356987
14.05434708
16.09459895
19.95595347
30.05557942
23.80137741
27.82492807
9.7759213
7.69204681
9.67530465
3.91843063
3.88620792
3.88620792
1.93506093
3.93456795
1.97536152
1.97940368
3.96689624
3.93456795
3.862085
19.02969033
9.3948967
17.01869465
22.49984712
22.21283829
23.96043229
29.93595025
25.9707285
20.88862826
18.82973153
22.8356284
11.70693219
5.99894738
6.10872886
4.12969552
2.09358495
2.11419618
4.26976122
4.31128106
2.16813367
2.18065529
4.31128106
4.22839236
2.08536044
4.03990846
1.97940368
3.8540522
5.64891946
3.73401641
3.68622035
3.62266024
0.0
3.62266024
3.64647416
3.67826525
1.84708925
1.94712861
4.10514547
4.15429422
4.3780382
4.41157181
0.0
4.45363869
4.51281993
2.25640997
4.26147551
4.09697274
3.98308786
1.9310425
20.49323305
10.86798073
10.89178655
12.54057785
17.9547245
23.03238161
30.45568905
30.52303165
27.34855621
29.48976282
11.27387604
13.43299503
9.81624272
5.99894738
1.99964913
3.93456795
3.91036852
3.93456795
0.0
3.8540522
3.71807161
1.82720882
19.75019695
9.53486867
16.65962872
26.75387972
36.86100003
37.72617295
35.51771619
29.28925629
39.4641291
42.30584152
44.7774223
41.96137056
17.22379495
15.60935212
13.71709763
7.0293054
4.75693158
4.8371418
2.45000644
4.91805596
2.49529578
4.96332199
2.4185709
4.72150177
4.65103477
2.28183172
4.4684288
8.86803166
19.79871873
15.30921764
13.04540988
17.32576716
17.73606333
15.51905541
15.45898078
13.5867874
2.29053796
4.63349814
2.36075089
4.81032812
2.4185709
4.89100476
2.45000644
2.48166099
5.0088177
4.95425055
2.49074623
2.45000644
24.23048512
9.69219405
11.89232896
14.29742962
14.35077512
16.49432742
22.47156866
26.86229934
27.38198067
31.46019613
24.95680809
18.53399255
6.91087817
7.13539738
4.88200555
2.51811362
5.20250822
5.29628911
2.68127836
2.69555865
5.43893544
2.71946772
5.21184021
22.05005794
11.82586699
11.56185411
17.87371521
30.26056308
37.90842658
48.77417416
59.553987
62.55937872
65.54383128
60.23547579
58.57754499
54.19564725
25.91965738
21.56622894
21.8074366
9.90850109
7.55434085
2.6059201
5.28686449
5.3911173
2.71467496
2.74351451
5.26804652
23.9624766
9.35479871
11.19262472
11.10652111
10.956516
10.892485
10.59562148
17.12205523
23.07875381
29.4907448
33.43467495
39.7036765
40.34354724
15.18983399
15.63950081
6.87161388
6.98972246
7.08225266
4.79249532
2.40516406
4.8730152
4.94518826
4.97240261
2.4365076
7.29605053
4.81032812
7.13539738
11.8480002
13.97944493
20.81133739
22.55803358
22.38524945
27.01773938
28.37591074
26.86229934
29.04478722
31.15845682
31.03811083
27.80098883
11.9812383
9.76401109
9.94480522
10.03588961
7.54062195
7.59558302
5.1745728
5.18387455
4.94518826
14.03219806
15.76034797
12.96881275
10.70128452
16.71733747
25.0256511
30.96799423
29.07921983
24.07527093
26.13542046
19.89720044
20.35337377
18.61843352
4.24668918
6.54828709
4.54628128
4.77469657
2.37846579
4.76580987
4.78359171
2.4635455
5.0179448
2.52727378
4.84609702
22.55803358
10.59562148
12.33706558
9.98995678
11.76507584
9.47627346
11.37152815
13.40986503
13.40986503
15.22739947
19.64963826
18.13107494
22.94018017
8.57797145
8.7652128
6.63814537
2.2342144
6.63814537
4.45981489
4.48567819
2.26446457
2.28183172
4.57236588
4.58979362
4.67739935
18.85065991
11.45268981
13.43114967
8.78231483
13.070982
12.94331974
19.33858809
19.79871873
28.70953573
33.51321603
38.27513078
41.54393681
21.08791619
16.64926055
16.71143799
9.65639053
7.41778239
5.0088177
7.55434085
5.03622724
5.03622724
7.5269172
0.0
27.04930779
9.58499064
12.04814346
18.56905
25.72569645
35.21261945
41.62267478
51.0899971
56.17892165
62.08000656
57.26344904
61.25761987
53.18452889
25.96825975
18.88600709
16.74257097
12.02582031
2.41409763
7.28259146
4.88200555
6.61501738
6.40521831
4.20341002
6.70048468
26.2575279
14.04220936
16.41504313
13.59417073
16.14451223
13.60788522
22.70566462
18.24592031
20.38498566
12.97379479
15.34660434
15.08490449
14.85975666
6.17269393
6.3382715
6.23024392
4.11918247
6.54223098
6.37001674
6.67600415
2.46806755
4.97240261
2.5089724
4.96332199
22.00952141
12.2275119
7.3095228
11.8480002
11.60565625
11.62758692
15.7906235
24.67123003
27.38198067
33.05051241
33.23643166
33.42287598
40.73621022
16.80492607
19.02772634
4.75693158
7.08225266
7.08225266
7.10880012
2.3651734
4.76580987
4.78359171
7.18874298
2.39624766
4.77469657
4.72150177
4.61599298
9.46069359
9.44300355
16.71143799
16.43255574
18.78006371
27.32981154
32.18963303
34.09710959
35.27877281
40.28320069
43.37331645
41.34428636
19.34856719
12.27257483
12.182538
12.34033773
9.80002575
9.80002575
7.35001931
7.33650714
34.36320952
27.04930779
26.99966462
29.29203327
38.91226951
48.10328123
59.24000101
64.62390171
63.38271501
64.13506292
71.90901972
73.01959908
76.25652918
74.4415108
36.99793314
39.90763538
40.50938393
23.87348284
11.87015416
14.43098437
12.00351862
7.17538756
9.53161975
9.65639053
7.16204485
32.86511149
25.43607903
27.64351267
27.80098883
26.55258148
24.52898191
23.07875381
25.4801351
27.43900776
31.85016887
34.71962056
32.23098015
32.48581342
8.79943054
6.68972234
6.7414706
6.88469043
4.61599298
2.32551738
2.31674907
4.67739935
4.72150177
4.75693158
0.0
9.54939314
26.26083113
14.27079475
14.13799493
14.16450532
16.58720028
22.81831722
21.78497001
28.9887968
26.55258148
28.82110291
30.91796155
31.15845682
13.43114967
11.62758692
9.51386317
7.37708394
2.51354065
7.47223869
5.0179448
4.99059157
2.48620131
2.45000644
4.84609702
25.91965738
14.11150912
14.29742962
14.37748596
16.49432742
18.99224666
21.16726369
15.57922841
18.08105691
33.51321603
31.88478014
35.81639912
38.71723302
18.28946351
16.27862169
14.35077512
7.35001931
4.98149246
5.05454756
5.0820997
5.07290605
5.0270813
2.51354065
4.97240261
24.59027981
12.20501386
9.62065625
16.00328057
26.55258148
37.25215439
32.74143547
29.72682428
36.60056426
26.44968003
15.07082058
12.89239206
15.66967461
8.86803166
9.04052845
6.87161388
9.17958724
4.61599298
2.31674907
6.95024721
4.66860316
4.60725211
4.66860316
2.37403083
19.09878628
9.56718341
11.89232896
11.91452468
16.55621378
26.40774096
26.45680468
26.30975438
28.43520049
21.32640036
9.39003185
11.73753982
14.13799493
9.46069359
9.42532996
7.09552019
2.37846579
4.79249532
4.77469657
4.81925738
4.86403369
0.0
4.927091
4.90902993
4.8371418
2.38290494
2.36075089
4.66860316
4.55496859
8.95409978
8.85086049
4.48567819
8.98862746
10.97789354
13.50886969
11.30066057
11.3657032
13.63884384
11.45268981
4.65981498
7.00290474
2.34750796
2.38290494
4.77469657
4.84609702
4.90001287
0.0
4.8730152
4.84609702
21.52616268
11.75959094
11.49629751
13.66490577
8.78231483
15.13028154
14.92256138
17.02054385
18.88261675
18.84479741
20.98068528
21.27567981
8.85086049
4.52026423
6.87161388
6.96339375
4.57236588
2.3651734
4.72150177
2.38290494
4.77469657
2.35191819
2.32551738
4.58107592
4.55496859
2.26880074
17.87371521
13.19914582
10.892485
10.68012059
12.81614471
12.89239206
17.59886109
21.95578708
24.10433519
26.60409499
11.17107201
13.4829412
4.53760147
6.83245289
4.57236588
2.2774843
2.29053796
4.53760147
4.598519
2.31674907
2.33430158
7.00290474
0.0
18.56905
11.47448405
11.27901679
13.61280441
19.52978656
34.65153432
36.81725521
40.8259082
41.79729509
40.34354724
30.67824479
10.892485
11.25739141
6.88469043
6.93711246
2.30799649
4.47704989
4.60725211
4.65103477
0.0
4.65981498
4.65981498
23.29907488
11.60565625
11.38742148
15.85125197
11.08503958
15.3391224
12.48766548
16.316
22.1602027
24.82457802
22.75586319
25.27778125
27.16567339
10.51136826
4.24668918
8.61189747
4.40828
6.66391267
2.23852494
4.55496859
4.58107592
4.63349814
4.66860316
2.32990749
20.41920662
8.85086049
10.84988142
8.57797145
10.65897241
8.52717793
10.78609978
8.30834852
10.28088798
8.1247097
12.18706454
8.19133334
8.27485934
4.22138581
4.39971527
6.75443484
4.52892913
2.32113125
2.4185709
4.89100476
4.94518826
4.99059157
2.49984999
2.37846579
17.90819956
8.57797145
6.35737289
10.09356685
7.89282582
7.66278002
9.51712467
7.48315554
7.5320542
5.67351732
7.61369974
7.7611618
11.76507584
4.02083392
4.19613706
4.37406218
4.48567819
4.55496859
6.95024721
2.33430158
4.69501593
4.73920008
2.31674907
2.26880074
4.33144179
4.18773276
4.08733062
0.0
3.9711761
3.96291694
5.82087135
3.8805809
3.82320598
5.7102748
9.4558622
9.51712467
9.78365201
8.07485348
4.17094185
6.50992885
4.41685165
4.45120812
4.48567819
1.1171072
3.35778742
4.51160672
2.26446457
2.18276236
4.2045473
14.24736164
9.86603228
11.59250133
9.49669424
13.06702279
18.4232492
10.90793397
8.90789339
8.82713864
14.22031418
10.83504296
9.39468432
3.8559666
3.98770894
4.12070775
4.2045473
4.26358897
2.19985764
4.37406218
2.26446457
4.55496859
2.31237082
2.24715687
4.12070775
3.94641291
1.87486198
18.05840493
6.98104906
10.10929942
8.36410863
13.41473517
16.36648604
22.06032765
24.09529798
25.63526701
26.29988346
10.76222385
7.46687016
9.98995678
4.09566667
6.29420558
4.21296354
4.17094185
2.14873201
4.3826064
2.22130422
4.26358897
4.07067475
1.9279833
18.22041289
6.8360712
9.94046122
8.12295646
9.69931363
12.57848031
15.96449472
21.53766598
24.32083533
29.9436754
30.21816763
14.80359371
13.38122092
13.63954202
7.95888018
4.00426143
4.16255516
6.23126139
4.17094185
2.10648177
4.19613706
4.25513596
19.52978656
10.91381182
12.94331974
10.51136826
12.38719769
14.42247713
12.51282555
16.48283101
30.84266395
32.4323219
39.38509156
41.20707752
45.51172637
16.85185417
19.37676932
13.070982
8.78231483
2.22990745
4.50295656
4.54628128
10.72460909
8.44277737
10.78601501
10.66336346
30.96380995
17.20345089
17.12551392
18.58340982
22.35943887
28.11245603
29.85830813
33.22832473
28.64303825
32.88370244
35.29122415
33.9901342
33.46917338
10.2389359
10.47725935
10.31921993
8.13947325
10.37960138
10.31921993
10.44012984
10.52106724
8.29850465
10.37960138
10.25898311
23.63015633
16.74160935
14.69798778
14.42492827
16.05812612
18.25319619
23.86215
20.76049197
24.20396357
22.31453889
32.02014999
20.71943394
25.04100578
10.70417619
10.76562765
10.56163727
8.3785189
10.64298346
10.80651966
11.01257846
11.05401548
8.73477828
11.11631497
11.11631497
11.13712019
11.0747627
8.93728911
10.92993171
11.30427109
11.45158572
11.40939329
8.93216124
11.13712019
11.09552917
11.05401548
11.11631497
11.01257846
8.55577204
11.26803822
11.0747627
11.09552917
11.17878922
8.89910703
11.30427109
11.34625887
11.36728322
11.36728322
11.34625887
23.3300914
23.15727836
23.35246838
22.47246597
29.31155542
35.96144599
26.24121739
28.21056362
28.04700798
25.43854927
27.88384959
23.58429802
21.58835937
10.60227578
11.05740507
10.90931688
8.66947666
11.11631497
11.22053694
11.32525485
11.43047917
9.18214567
11.72789019
11.43047917
27.72432047
17.90648386
15.33946283
17.17028733
21.13142091
27.02011336
33.13787861
33.13787861
33.73509256
35.81303079
28.2268481
30.28720198
30.90342269
10.33933089
10.62103259
8.33046964
10.52106724
10.64298346
10.80651966
10.95056519
2.3431018
4.65981498
4.65981498
4.598519
20.34118902
13.40528641
12.96881275
12.89239206
14.86341214
12.33706558
10.51136826
10.65897241
12.7907669
10.51136826
10.46933189
12.46252278
10.42735462
4.22138581
4.26358897
6.44619603
4.3826064
4.3826064
4.39971527
6.63814537
4.51160672
2.27314064
4.54628128
4.54628128
18.21987436
10.99928818
10.956516
13.53482015
11.02070001
10.892485
23.63605211
21.36024118
23.91658478
28.04385943
31.28206387
31.85016887
34.10871173
10.78609978
13.1478192
6.68972234
6.66391267
6.68972234
2.26446457
4.58107592
4.61599298
4.75693158
2.39624766
2.38290494
6.81942192
17.83925957
13.40528641
10.82860447
12.71474577
10.61672296
14.65706465
22.98633902
30.84266395
29.07921983
32.63199999
20.64532949
18.656096
10.74366005
8.62887982
4.39115742
2.18276236
4.42543025
6.7414706
2.26880074
2.28618294
4.65103477
4.6862036
4.73920008
18.53399255
11.43091469
11.30066057
15.51905541
19.79871873
28.48694159
32.6135247
36.16865567
40.10316519
39.78346119
47.77300401
45.78810677
46.25002035
23.44973931
19.56811482
17.83925957
13.45703456
4.52892913
6.89777851
6.97655215
4.7303468
2.39624766
7.16204485
4.73920008
4.65981498
2.28183172
4.43401583
10.91381182
10.65897241
8.42592708
10.23916667
8.09146176
6.04369165
4.03742674
6.08106036
4.06235485
8.25813179
8.40909461
10.8711749
8.90241624
7.05575456
7.3635449
4.99059157
4.8730152
2.36075089
4.80140745
5.0088177
22.29412746
13.69099033
8.97135637
13.19914582
8.56102762
14.71591556
16.38266668
24.57400002
28.66966669
27.68263789
30.53006066
30.84266395
34.17638588
38.82995921
15.36905096
17.59886109
13.87422493
11.45268981
6.80640221
6.85854881
4.58979362
2.28618294
4.57236588
4.54628128
4.41685165
19.7217288
8.69693992
10.74366005
8.32511032
10.28088798
12.13719265
14.07291871
13.61077993
15.62093669
15.55517706
13.6683196
16.08333567
18.28059682
8.32511032
10.70128452
8.7652128
8.91962978
6.80640221
4.58979362
6.93711246
4.65981498
7.0293054
2.35191819
4.67739935
20.49735866
11.17107201
13.04540988
15.39900345
21.91303199
19.79871873
24.198434
22.04140002
24.38708708
28.87695488
33.6425864
36.16211381
34.09710959
16.03376573
20.77196841
13.9267875
9.40767275
4.80140745
4.86403369
4.81925738
2.37846579
2.37403083
4.77469657
4.76580987
18.67441264
11.47448405
13.43114967
19.991738
26.55258148
43.48469961
49.90945455
51.56956825
55.97733358
53.9304989
53.08361478
55.97733358
45.97267805
23.77615671
19.95307125
18.08105691
13.61280441
6.97655215
4.78359171
7.24229289
4.77469657
4.75693158
4.6862036
4.598519
20.41920662
11.14953723
13.61280441
13.53482015
17.39387984
18.92046287
21.84146855
21.43356604
15.58804803
13.81244519
11.76507584
11.76507584
10.03136289
8.158
6.28159914
8.54409647
6.48440637
2.20842583
4.55496859
4.598519
6.7933937
4.53760147
2.30362606
4.58979362
17.77043377
6.47165987
10.49034264
18.61843352
30.78006134
29.59809683
33.05475125
34.62993245
40.2295951
37.74184135
37.41577769
39.97192362
35.07310806
18.3180364
12.68944244
12.94331974
10.78609978
6.44619603
2.1191243
4.32293758
6.66391267
4.49431373
2.26446457
6.84549517
4.55496859
4.51160672
4.50295656
8.88521689
15.3391224
17.49624873
19.52978656
18.69378418
19.03416366
12.81614471
8.29159822
8.2414155
4.22138581
4.32293758
6.58673612
6.72851728
4.50295656
4.54628128
4.55496859
2.29489681
4.6422625
4.6862036
4.81032812
21.40619213
9.09256256
8.93685761
8.69693992
8.74812436
10.91381182
8.54409647
13.22484001
8.57797145
14.95216882
14.68647969
15.16004626
16.91925658
23.17129948
8.62887982
11.21419547
11.3657032
4.65103477
7.00290474
6.92398947
4.6862036
4.67739935
4.70383637
4.6862036
4.58979362
17.94271275
11.14953723
11.12802029
13.37944468
15.7906235
20.1467245
21.95578708
21.19124295
18.3180364
18.16842032
15.62093669
15.48948745
17.46261404
10.99928818
8.90241624
6.71557483
8.97135637
6.78039634
4.51160672
4.50295656
4.52892913
4.53760147
4.57236588
4.65981498
13.97944493
11.69349839
11.58374534
13.69099033
13.4829412
16.00328057
24.90911023
29.10082428
28.2096917
32.42203187
30.32009253
30.85796003
31.03811083
15.54912955
9.04052845
11.38742148
11.58374534
6.98972246
6.97655215
4.65103477
4.72150177
7.1220925
4.8371418
7.28259146
16.74257097
13.82175634
13.66490577
15.69987365
29.49440956
37.98164483
44.7704989
42.04158735
31.15845682
44.25430247
31.21870424
20.10792962
24.52898191
15.76034797
15.82092479
13.71709763
6.87161388
6.85854881
6.83245289
6.81942192
4.54628128
2.27314064
4.53760147
4.53760147
18.01182625
11.14953723
11.02070001
15.30921764
13.1478192
21.36024118
29.15690821
30.43928972
36.52844417
38.29622365
33.97351346
36.45637865
34.4475899
17.39387984
13.19914582
15.57922841
9.05785827
6.76741007
4.56366344
6.78039634
4.53760147
4.598519
4.58979362
4.6422625
18.46397192
11.40915861
11.17107201
18.35917448
13.40528641
14.03219806
11.32232283
15.91198448
11.34400368
10.84988142
12.94331974
21.87031091
37.6161571
20.18555184
18.42900845
16.52525621
9.65639053
9.67428359
4.91805596
4.96332199
4.8730152
4.99059157
5.1282134
2.49984999
7.04252389
4.53760147
4.44260844
10.97789354
17.32576716
23.86973913
27.87840721
32.29461553
33.16639289
36.67273925
31.34500776
32.89884154
38.14423732
36.45637865
41.47248493
33.51321603
22.34214402
11.25739141
8.98862746
4.57236588
6.96339375
4.65103477
7.04252389
21.00871422
11.715509
11.6715079
13.9267875
13.37944468
15.51905541
27.12158536
31.0982591
35.88542549
44.85678187
49.24754879
51.0899971
56.17892165
52.08268503
27.22560883
27.53876172
18.46397192
18.67441264
9.3724072
9.39003185
7.1220925
7.32300832
4.91805596
7.66460803
7.65077397
21.56622894
13.97944493
18.42900845
20.81133739
26.75888935
30.67824479
37.76217177
40.10316519
48.64286268
52.66204428
51.16306759
49.2259088
43.82606399
20.3801811
16.27862169
12.13765244
7.54062195
10.03588961
5.10051598
5.1745728
5.10051598
4.98149246
4.96332199
7.49954996
19.45613476
14.08504778
15.66967461
12.68944244
18.3180364
25.97388762
31.7694088
37.25607351
41.78412092
47.55500325
45.85865285
52.81061302
43.44301154
21.06481771
21.57219956
17.90819956
18.42900845
6.88469043
6.93711246
9.44300355
7.24229289
7.3635449
4.95425055
7.44498298
23.29907488
13.19914582
18.88261675
16.21616095
21.88692048
19.60845974
15.35831237
17.16761676
20.9826427
20.93767428
25.33057804
31.57130328
30.15625438
20.72899556
14.98179833
13.25055495
13.32782533
6.67681218
6.65102375
6.72851728
4.48567819
4.45981489
6.66391267
6.63814537
17.1559429
12.41228901
16.11651106
15.45666844
18.70788885
21.57297835
20.94314717
15.74364108
24.65949739
25.16847474
26.96622294
27.26983494
16.91043178
11.83923873
10.05208479
10.6378399
10.6378399
6.48440637
6.45892311
4.31443991
4.30594874
4.33144179
6.47165987
4.32293758
15.18983399
11.02070001
12.94331974
14.77485033
18.61843352
24.52398374
28.55299999
33.68479397
35.66625244
39.4641291
41.09133844
41.35076355
40.54040238
16.61669705
15.04112407
13.4829412
11.69349839
4.71266498
7.17538756
4.81925738
4.76580987
2.40070372
4.8730152
4.81032812
4.62474164
4.34846996
2.06453295
4.01254515
5.82087135
7.71193319
7.5320542
3.78234488
11.3225524
13.29537194
13.26678284
9.55801494
9.78365201
12.08738329
12.71474577
13.09657419
8.73104946
6.50992885
4.356994
4.32293758
4.33144179
4.24668918
4.22138581
21.14907073
12.48766548
10.13510059
11.69103602
9.29290009
14.70612119
19.32083555
26.02769932
29.35095603
33.96765721
42.95757589
42.77673691
46.56697078
42.05526575
17.68467443
16.51626359
12.84154143
11.04212913
4.37406218
6.56109327
6.66391267
4.47704989
6.81942192
2.27314064
6.7933937
22.25604059
15.10053969
17.29175033
33.83851317
45.41972487
46.90849999
51.19618344
56.86453325
57.10343538
57.10599999
57.33933338
54.33134679
50.65662972
23.86973913
21.99857636
15.45898078
15.60935212
9.05785827
6.87161388
6.91087817
9.23198596
9.19703801
9.21450422
4.62474164
36.09285372
24.198434
21.57219956
25.68308285
27.43900776
26.94769422
32.49883878
36.11290639
40.12545154
45.19416799
47.95179253
50.67550297
51.71787088
25.32831486
24.24554002
20.34118902
16.46342731
9.62065625
7.3095228
7.43137582
5.0270813
4.99969997
7.40420264
7.3095228
23.56332489
10.91381182
14.7453724
16.14970695
19.60845974
27.22155985
27.27908405
36.78753269
43.13861143
46.86281006
46.07493711
46.76414408
39.4641291
20.5200409
19.49148805
15.60935212
13.43114967
9.00591313
4.45120812
6.72851728
4.48567819
6.80640221
4.51160672
2.24715687
23.91658478
10.91381182
13.19914582
17.25775965
21.27567981
20.27020119
23.57956591
23.72797534
21.97790491
25.7589601
25.59809172
21.20781627
23.48076482
12.36212326
8.49337837
10.80734396
10.892485
6.63814537
6.68972234
4.53760147
6.70264321
6.72851728
4.50295656
6.70264321
17.90819956
13.22484001
10.6378399
8.32511032
12.51282555
10.51136826
12.43739733
12.38719769
12.71474577
12.33706558
10.34357418
27.16567339
21.06481771
8.66288358
6.71557483
9.19703801
4.69501593
7.21549218
7.35001931
4.927091
7.49954996
2.53645302
5.10973869
5.11897115
4.85506098
4.52026423
0.0
4.23824859
6.23126139
6.13099594
9.96927236
7.74474372
11.51873428
9.49669424
11.61711559
11.78978295
12.08738329
10.42735462
13.070982
11.06357562
8.88521689
6.68972234
2.24715687
4.51160672
4.51160672
4.51160672
4.49431373
26.91406912
11.08503958
10.82860447
12.63889063
10.21832656
12.08738329
15.68676779
15.58804803
19.19789046
24.9572576
31.24187337
31.7694088
34.3887125
33.16639289
12.7907669
15.30921764
8.8337033
6.62527748
4.40828
2.18276236
4.37406218
4.356994
2.18276236
2.1913032
4.37406218
23.68271805
8.27485934
13.87020928
15.42386638
28.79683569
39.62893342
53.29589816
58.49985409
57.23797425
62.91527328
58.75289545
64.43636383
59.93974066
30.59249999
27.22026292
23.12501017
18.92046287
12.89239206
10.70128452
12.7907669
12.74006755
12.89239206
10.68012059
12.7907669
27.71332828
23.68271805
28.09909429
19.30043576
27.38426303
24.07527093
23.53015169
22.64510481
29.80236684
32.4972508
40.65990455
38.04048361
40.37426738
20.64532949
16.78454822
14.80434951
10.55346452
6.37003377
6.39538345
2.13179448
6.38270394
2.13602412
2.1402569
2.15297437
4.25513596
2.08127758
4.06235485
7.92583388
15.45666844
20.89272734
18.87092067
50.84136587
58.87950431
57.83949893
51.30336783
53.56920077
50.35364467
21.65720895
17.6674066
17.83925957
17.94271275
4.45120812
6.67681218
8.88521689
6.63814537
8.90241624
6.72851728
6.72851728
24.33986636
15.04112407
23.21762195
24.77439538
28.02983003
35.81496079
33.54450974
39.711761
41.26424034
41.0049588
43.77384096
40.78999999
41.87732757
23.68271805
15.36905096
19.91443611
15.57922841
11.08503958
8.91962978
8.95409978
6.70264321
6.7933937
2.30799649
6.92398947
20.3801811
12.84154143
12.33706558
11.88875081
13.61077993
15.45666844
15.45666844
21.34319494
25.54452973
27.74041857
27.9139626
22.48031843
16.75093103
8.66288358
8.93685761
9.21450422
7.0293054
2.38290494
7.0293054
4.72150177
4.71266498
4.71266498
2.35191819
4.71266498
4.65103477
4.34846996
4.13742967
1.98145847
5.79625066
7.61369974
11.22473331
11.22473331
11.3225524
9.51712467
11.51873428
9.80422987
10.01065358
10.6378399
8.98862746
4.54628128
7.00290474
4.70383637
4.927091
7.51322656
0.0
5.06372201
4.95425055
26.95007081
14.29742962
13.35362435
10.61672296
10.21832656
11.88875081
13.40986503
21.34319494
24.16154024
29.7372803
33.60091573
34.11458446
34.55620283
33.68479397
16.78454822
13.56079268
11.8480002
7.24229289
4.94518826
4.90001287
5.0270813
5.03622724
5.06372201
2.49529578
5.0270813
24.23048512
13.45703456
10.68012059
12.16212071
9.96927236
15.62093669
21.29804524
25.06378287
28.85827704
30.71662474
32.84542043
35.44351161
32.23302211
12.5380031
13.40528641
14.00580948
9.65639053
7.3635449
4.90902993
7.06899747
4.6422625
4.61599298
4.66860316
4.6422625
23.0799649
17.63312002
12.84154143
8.27485934
2.00627258
3.93816796
7.7611618
9.80422987
7.51574746
9.43546034
7.69554054
9.82481913
10.11432721
10.53240886
8.61189747
6.52270494
6.56109327
2.16146879
2.1402569
8.66288358
4.31443991
4.47704989
4.52892913
2.27314064
4.40828
4.28051381
8.22471039
24.52398374
20.27020119
28.14583742
36.63607279
41.22954941
45.92765292
57.53059321
46.43524391
34.88406952
32.63199999
16.71733747
12.76540788
10.68012059
10.65897241
8.40909461
4.19613706
6.20614451
4.12070775
4.22138581
4.30594874
4.32293758
23.82292984
10.80734396
12.96881275
12.76540788
14.92256138
21.14907073
29.07921983
33.30044128
39.62394757
42.63588966
44.14774669
41.70941849
40.8259082
19.606473
17.22379495
15.30921764
11.17107201
6.76741007
6.80640221
4.6422625
9.83058663
9.99972475
10.11324821
7.67420737
27.85291417
16.1528204
15.74662386
15.99651336
16.1528204
16.02772457
17.7641323
19.43390481
25.34235267
27.23618336
29.46306042
27.40270655
25.18835002
9.13038174
9.18553058
9.45938784
7.17497543
9.25778978
9.16671628
8.96752498
2.08127758
6.24383274
4.21296354
4.22138581
4.22138581
4.15417426
4.12070775
8.73104946
6.59957291
4.34846996
4.28898572
8.3418837
12.5380031
14.51029689
12.63889063
12.7907669
12.94331974
11.04212913
11.51813028
9.31962995
9.31962995
4.63349814
6.91087817
4.63349814
4.6422625
4.62474164
6.84549517
22.9489681
13.74322777
13.45703456
11.02070001
10.84988142
17.18985608
18.69378418
20.60353876
26.51349999
40.45730882
42.5674225
51.28787126
49.91361619
43.74062182
22.08425825
15.63950081
11.30066057
9.02321343
6.7414706
4.52892913
4.52892913
6.7933937
4.56366344
2.29053796
6.92398947
22.9489681
11.14953723
17.63312002
19.56811482
30.14164116
42.2138581
50.25279308
50.98749999
53.35210633
58.9041453
59.26629404
60.35704983
61.21009424
30.79800691
27.43419526
20.81133739
20.69333552
11.47448405
9.12732689
9.17958724
9.00591313
8.91962978
8.91962978
6.70264321
31.21870424
28.59814927
27.93351613
27.32955748
29.3141293
31.28206387
24.52398374
32.4323219
34.45934202
41.35076355
55.29150004
56.08135253
58.86366226
30.37966799
24.10433519
24.29268408
24.38708708
13.32782533
11.17107201
13.43114967
11.14953723
11.21419547
11.25739141
8.98862746
33.57787417
26.70724871
30.37966799
21.14907073
20.18713369
20.64532949
22.84795844
20.85470925
19.03416366
16.88554324
12.58841117
14.59829647
16.85185417
6.48440637
6.5739096
6.65102375
2.22130422
6.63814537
4.37406218
4.39115742
6.87272454
6.84612006
4.40828
6.88604309
22.39177995
17.40472928
12.54268334
14.74731863
16.61669705
14.21512809
16.25080787
18.18172133
21.99418901
20.17971269
22.84795844
25.64140397
21.74504112
6.67422054
6.71373477
6.7533407
6.58673612
6.88604309
4.7099621
6.96618629
6.80640221
4.57236588
4.598519
0.0
25.29185452
13.53482015
11.08503958
10.956516
12.7907669
12.86695717
14.95216882
14.71591556
14.56894306
16.81818922
16.81818922
15.07082058
17.35981028
6.63814537
4.49431373
4.50295656
6.81942192
4.58979362
2.30799649
2.33869968
4.72150177
4.90001287
4.93613509
0.0
4.94518826
4.598519
2.21700792
4.41685165
2.16146879
4.3826064
6.28159914
6.59957291
9.14473175
9.3724072
12.00351862
11.9812383
14.13799493
12.13765244
9.99939994
4.98149246
7.55434085
5.07290605
5.04538264
5.1282134
2.5872864
2.59193727
5.15599927
31.72118692
15.27390899
14.67301427
14.00580948
9.19703801
14.64601664
12.20501386
14.244185
16.06427767
15.51905541
15.45898078
15.66967461
18.18512511
16.24791875
4.72150177
4.6862036
4.66860316
6.93711246
4.60725211
4.598519
2.29053796
4.63349814
4.63349814
4.62474164
4.71266498
18.92138718
11.715509
11.73753982
11.60565625
13.5867874
13.71709763
16.89868342
13.63884384
16.24791875
18.25465378
19.70836402
25.04408852
17.15004506
12.00351862
9.62065625
9.60281489
7.24229289
7.2557127
4.81032812
7.24229289
4.81032812
4.80140745
7.21549218
2.47259413
20.18153057
14.86275164
14.21760024
16.27862169
13.74322777
20.57564644
20.06916701
15.73009806
15.91198448
15.66967461
13.40528641
13.71709763
16.06427767
7.00290474
2.35191819
4.72150177
4.75693158
4.74806167
4.8730152
2.5089724
5.10051598
2.49529578
5.0179448
5.06372201
2.51811362
4.81032812
4.66860316
2.2992595
2.26013211
8.95409978
20.1467245
13.40528641
13.37944468
15.66967461
11.27901679
13.71709763
6.93711246
2.3651734
4.71266498
4.75693158
2.35633249
2.37403083
4.81032812
2.35633249
4.67739935
4.435173
4.66860316
2.10482971
18.70959742
11.41654669
13.9267875
11.43091469
13.33477947
11.12802029
12.80286008
10.80734396
12.86695717
10.6328838
13.1478192
10.73738568
11.30066057
4.46864456
5.0088177
2.57336371
4.97790235
5.2774503
5.08540513
5.3911173
2.71467496
5.43893544
5.5063446
5.51601929
19.37390921
13.19362575
12.182538
9.26699628
8.8337033
11.12802029
12.91784621
10.76487184
8.7652128
8.7652128
11.04212913
8.78231483
9.10993718
4.86403369
2.52269132
2.56873274
5.23053466
5.3057242
2.63872515
2.68603307
5.37206614
2.63872515
5.22118234
5.21184021
0.0
5.0270813
4.84609702
2.32551738
4.49431373
4.39971527
2.17423498
6.52270494
8.69693992
8.74812436
8.74812436
9.00591313
9.19703801
7.16204485
7.26914553
4.90001287
4.99059157
0.0
4.93613509
5.03622724
5.04538264
4.98149246
4.98149246
22.45766206
12.20501386
11.75959094
13.5867874
13.32782533
10.65897241
12.86695717
12.71474577
12.71474577
10.46933189
12.96881275
13.09657419
13.19914582
15.60935212
6.7933937
4.55496859
4.53760147
4.53760147
2.2992595
4.63349814
4.61599298
2.30362606
4.66860316
2.3431018
4.70383637
18.88600709
13.74322777
9.12732689
11.17107201
13.37944468
11.17107201
13.4829412
12.91784621
15.10053969
17.08819294
17.59886109
15.60935212
18.15040589
7.00290474
4.6862036
2.31674907
2.31237082
4.58107592
4.52892913
4.54628128
0.0
4.56366344
4.56366344
4.57236588
2.2992595
4.61599298
4.62474164
23.16749069
13.82175634
6.80640221
13.53482015
4.51160672
2.22990745
2.22560406
19.83726002
11.06357562
15.60935212
4.47704989
4.4684288
4.45981489
2.22130422
4.43401583
4.40828
2.20414
4.41685165
4.44260844
2.22990745
4.48567819
4.49431373
4.48567819
4.43401583
4.356994
2.14873201
4.26358897
21.27567981
8.49337837
8.44277162
16.95299436
8.49337837
12.7907669
10.74366005
4.40828
2.20414
4.45120812
6.70264321
2.24715687
4.48567819
4.50295656
2.24283909
4.47704989
4.52026423
2.31237082
4.6422625
6.93711246
2.25580336
4.4684288
20.03043653
15.51905541
15.54912955
15.39900345
15.48900586
19.87583243
17.70172099
19.87583243
16.27862169
4.82819526
4.76580987
2.36960004
4.72150177
4.75693158
2.3651734
4.7303468
4.72150177
4.74806167
4.76580987
4.76580987
2.39179585
4.67739935
4.62474164
4.44260844
15.51905541
13.35362435
13.27629074
15.51905541
13.27629074
13.37944468
13.50886969
15.60935212
13.53482015
6.7933937
2.25580336
4.48567819
4.45981489
2.21700792
4.40828
2.18703109
4.39971527
4.37406218
2.16572089
4.356994
4.33995257
4.32293758
4.29746402
4.25513596
2.09386638
4.21296354
4.14579911
4.10400818
2.1106929
4.34846996
2.18703109
4.39971527
6.62527748
2.21271512
4.43401583
4.43401583
2.22560406
4.49431373
4.55496859
2.29053796
4.58107592
2.29053796
4.58107592
6.89777851
2.30362606
4.57236588
4.54628128
2.25147828
4.45120812
17.46209892
17.35981028
15.21964486
17.70172099
17.83925957
19.95307125
20.06916701
15.69987365
4.57236588
2.28183172
6.81942192
4.58979362
2.31237082
4.70383637
4.70383637
2.33430158
4.71266498
4.77469657
2.38734828
4.72150177
7.00290474
2.28183172
4.53760147
6.63814537
26.65565066
15.73009806
17.70172099
15.54912955
20.03043653
17.5304256
15.45898078
16.03376573
2.39179585
4.7303468
4.89100476
0.0
4.69501593
4.72150177
2.35191819
4.7303468
2.36960004
2.37846579
4.74806167
4.80140745
2.37846579
4.67739935
2.29489681
25.58069122
16.96133958
16.37089774
15.94239007
18.18512511
20.77196841
20.61484165
22.90537961
18.6392599
6.97655215
2.35191819
7.1220925
4.72150177
2.35633249
4.7303468
4.74806167
2.36960004
4.7303468
4.75693158
2.41409763
7.28259146
4.82819526
14.43098437
13.79555701
15.69987365
15.85125197
15.76034797
17.59886109
15.57922841
17.80483247
20.77196841
23.12370821
21.0482971
4.7303468
4.82819526
2.40070372
4.80140745
7.20211117
2.40962869
4.81032812
4.73920008
2.35191819
4.69501593
4.6862036
2.36075089
7.0293054
4.65981498
2.2992595
6.78039634
4.54628128
20.77196841
20.69333552
18.25465378
13.69099033
16.00328057
16.15597543
11.56185411
6.96339375
4.61599298
2.30362606
4.60725211
4.61599298
2.35191819
4.7303468
4.74806167
2.36960004
7.09552019
4.79249532
2.40962869
21.32640036
15.82092479
11.12802029
13.37944468
13.32782533
11.06357562
10.82860447
13.1478192
11.04212913
11.34400368
13.69099033
11.49629751
2.32990749
4.65981498
4.67739935
7.06899747
2.38290494
4.78359171
7.14871481
2.44550238
4.90902993
4.91805596
4.99969997
2.52269132
4.8371418
4.69501593
2.2774843
4.55496859
4.52026423
6.87161388
13.43114967
16.00328057
18.01182625
16.03376573
15.82092479
11.49629751
11.56185411
6.89777851
4.56366344
4.53760147
4.60725211
2.2992595
4.70383637
4.6862036
2.3431018
4.69501593
7.2557127
9.90850109
19.45613476
11.58374534
11.53998245
13.69099033
15.60935212
19.87583243
22.08425825
24.15136579
24.24554002
24.71872553
20.2244118
16.4017126
4.80140745
4.69501593
4.77469657
2.40962869
7.3095228
4.86403369
4.91805596
2.48166099
4.95425055
5.03622724
2.52727378
25.08972401
14.70003862
9.53161975
11.6715079
13.82175634
15.97282206
18.01182625
26.70724871
28.87695488
26.96588239
27.64351267
27.95888985
23.38699677
7.16204485
4.77469657
4.81032812
4.81925738
2.42753049
4.88200555
4.86403369
4.8730152
4.8730152
4.93613509
4.96332199
19.63611972
15.30154795
12.09285449
9.40767275
13.71709763
15.82092479
17.46209892
28.48694159
35.12925933
37.25215439
31.21870424
27.27768767
18.78006371
7.14871481
4.8371418
2.46806755
2.46806755
5.11897115
2.6059201
5.31516981
0.0
5.44853197
5.45813956
5.51601929
2.7531723
18.50402571
14.70003862
11.715509
13.43114967
15.63950081
10.84988142
15.21964486
17.39387984
17.29175033
13.25055495
18.01182625
14.19104039
4.82819526
2.50440885
2.5456515
5.18387455
5.2774503
2.68127836
2.71946772
5.52570528
2.77741576
5.60360493
5.56456313
22.49278225
13.43016535
14.83556478
9.30206954
13.50886969
13.37944468
15.48900586
15.36905096
19.56811482
17.70172099
20.18555184
16.03376573
17.15004506
5.1282134
5.23053466
2.63402326
5.38158632
5.43893544
2.71946772
8.18720934
5.44853197
2.72906978
5.45813956
5.46775824
2.74351451
5.31516981
4.79249532
4.63349814
22.55803358
11.08503958
13.25055495
13.19914582
13.17347225
13.19914582
13.32782533
13.66490577
14.40422234
2.48166099
7.55434085
5.10973869
2.55025799
5.11897115
5.091303
2.55486934
4.93613509
4.90001287
2.44100277
4.927091
4.94518826
2.46806755
4.8730152
4.8730152
2.40516406
4.7303468
2.3651734
4.66860316
7.05575456
2.35633249
4.70383637
4.72150177
2.35191819
4.70383637
4.70383637
2.34750796
4.72150177
2.37846579
4.77469657
4.78359171
2.40516406
4.88200555
4.91805596
4.93613509
4.96332199
4.96332199
2.45000644
11.89232896
14.03219806
4.54628128
4.45981489
0.0
6.61242001
4.36552473
21.87031091
11.21419547
13.90049441
2.39179585
4.76580987
4.70383637
2.38290494
4.98149246
2.55948557
2.53186101
4.94518826
4.89100476
2.45902798
2.47712527
5.06372201
2.54104985
4.93613509
2.4185709
11.53998245
25.87110006
11.32232283
17.90819956
15.36905096
15.45898078
17.97725493
14.08504778
19.92596984
5.19318635
0.0
5.34357003
5.44853197
2.69555865
2.52727378
4.96332199
2.49529578
5.14672743
5.1282134
0.0
5.10051598
5.0270813
2.49529578
4.90001287
2.41409763
4.78359171
4.75693158
2.33869968
4.65103477
4.62474164
2.36960004
4.82819526
4.81925738
2.41409763
4.86403369
4.84609702
2.47712527
5.10051598
0.0
5.22118234
5.16528105
2.57336371
5.10051598
5.1282134
2.5872864
5.10973869
4.99969997
2.4635455
4.84609702
4.81032812
2.38734828
4.78359171
4.81925738
2.45000644
4.94518826
4.97240261
2.60125411
2.59659317
2.55025799
5.1282134
5.04538264
2.44100277
4.81925738
2.37403083
2.37403083
4.76580987
4.77469657
2.37403083
4.81032812
4.78359171
2.3651734
4.7303468
4.70383637
2.30799649
20.57564644
22.60132113
18.25465378
21.16726369
14.244185
4.84609702
31.73303604
4.88200555
2.42753049
7.2557127
4.81032812
2.40516406
4.81032812
4.85506098
2.4365076
4.8730152
4.88200555
2.44550238
7.33650714
4.91805596
2.46806755
4.89100476
2.42304851
4.82819526
4.82819526
2.4185709
4.86403369
4.89100476
2.46806755
4.96332199
2.49074623
4.97240261
2.48166099
2.47259413
4.98149246
4.98149246
2.49984999
4.99059157
0.0
5.0270813
5.06372201
2.53186101
5.06372201
5.07290605
0.0
5.0270813
4.98149246
2.47259413
4.927091
2.51354065
4.96332199
4.96332199
2.48620131
5.0179448
2.55025799
7.76185919
5.18387455
2.57799963
5.15599927
5.18387455
2.56873274
5.11897115
7.77581182
2.624635
5.29628911
2.63872515
5.26804652
7.80376233
2.58264052
5.0179448
2.44100277
4.8730152
4.84609702
2.42304851
4.81032812
4.8730152
2.48620131
7.59558302
5.19318635
2.6199486
7.97275471
5.3057242
2.63402326
5.32462596
5.38158632
2.74351451
5.48702902
8.46424961
2.85596897
5.79163936
2.91086519
5.75169094
8.15840315
2.5872864
5.0270813
5.0179448
2.47259413
4.96332199
4.96332199
2.50440885
5.091303
5.091303
5.19318635
5.37206614
5.41977538
2.68127836
5.41977538
5.59382711
5.63300844
5.59382711
5.49668119
2.7483406
5.47738805
5.52570528
5.54511136
5.56456313
2.73869402
5.23053466
7.67845672
2.4365076
4.80140745
7.26914553
19.24131249
24.86201306
19.92596984
20.43895475
5.23989721
5.32462596
2.62932655
5.37206614
5.3057242
2.6575849
5.35305803
5.36255672
2.69079316
5.40065911
5.44853197
5.40065911
5.37206614
5.35305803
2.6528621
10.33056209
7.65077397
2.55025799
30.60309589
23.11859467
15.60752466
20.81003288
20.81003288
5.2774503
5.43893544
5.34357003
2.6528621
2.6575849
5.34357003
2.68127836
5.35305803
5.41977538
0.0
5.40065911
5.3911173
2.69555865
5.41977538
2.70032955
5.3911173
5.35305803
2.64343224
5.22118234
5.19318635
2.59659317
31.43938323
23.62171502
21.14745795
23.83330099
18.57003472
5.3057242
5.31516981
5.31516981
2.66231298
5.32462596
5.3057242
2.66231298
5.33409269
5.32462596
2.6575849
5.3057242
29.1295901
10.57372897
15.80413955
13.12317501
13.05295586
12.88999817
12.88999817
12.77434672
12.84366371
12.79742787
12.8205335
12.8205335
10.2564268
7.72009114
5.1745728
2.57336371
5.18387455
5.21184021
2.5872864
5.16528105
5.18387455
2.59659317
5.23053466
5.22118234
0.0
5.21184021
5.13746548
2.48620131
2.45000644
4.8730152
2.4185709
4.82819526
4.84609702
7.3635449
4.93613509
4.98149246
2.49074623
4.98149246
4.99059157
2.50440885
4.99969997
5.0088177
2.49984999
7.58182134
5.04538264
2.51811362
5.03622724
5.05454756
2.52269132
5.0270813
22.66302256
10.07245447
15.05383441
12.52204426
14.91720783
12.43100653
12.52204426
15.0812439
15.2462991
15.30154795
15.3846402
5.11897115
2.55948557
2.56873274
5.14672743
2.56873274
5.13746548
2.5641067
2.55948557
5.10973869
5.10051598
2.5456515
20.36521199
15.2462991
10.12744403
15.10868171
12.56770325
12.47647892
14.91720783
14.88996596
14.86275164
12.43100653
17.43522361
14.97177471
12.49924993
5.0088177
2.5089724
2.51354065
5.0270813
5.0270813
0.0
5.06372201
5.07290605
2.53645302
2.53645302
5.0820997
2.54104985
5.07290605
2.53186101
5.03622724
5.0088177
27.39820854
14.86275164
17.24481852
12.34033773
12.34033773
22.25334717
2.49074623
5.091303
7.93029673
2.72906978
5.47738805
5.60360493
2.83125889
5.70202994
5.81168761
2.87086723
5.80165728
5.721858
2.88082981
5.83178564
5.71193794
5.34357003
5.11897115
5.07290605
2.53186101
5.03622724
4.96332199
2.45000644
12.45373115
12.25003219
2.47712527
5.0088177
2.52269132
2.53645302
5.0820997
5.10973869
2.55486934
2.55486934
5.091303
2.55948557
5.13746548
5.14672743
0.0
5.16528105
5.15599927
2.57336371
5.091303
5.04538264
2.45000644
4.94518826
4.88200555
2.44550238
4.95425055
4.99059157
2.5089724
5.05454756
5.10051598
0.0
5.1282134
5.1282134
2.57799963
5.1745728
2.57799963
2.57336371
5.1745728
5.18387455
2.59193727
5.18387455
5.1282134
2.54104985
2.12659791
4.18716991
2.06075341
4.02364974
2.04848637
4.09697274
4.10514547
2.07714711
4.21188607
4.23665427
2.11419618
4.22013631
4.21188607
2.11006815
2.10594304
2.12246104
4.24492208
4.25319581
0.0
4.24492208
4.22839236
2.11419618
4.22013631
2.10594304
2.10182081
4.18716991
2.08947129
4.17072087
2.06484776
2.06075341
4.12969552
2.06075341
4.08880527
4.08880527
2.02402263
4.09697274
4.13788963
2.05257273
6.20683445
4.13788963
2.06484776
4.12969552
2.04848637
4.08880527
4.09697274
2.07304459
6.24375715
4.14608918
2.03216697
4.01552774
19.87494862
11.82792976
11.75529188
9.85660813
13.88413682
8.01482118
6.14545911
10.30376705
8.42377215
6.54196587
8.72262116
4.38641175
8.85675674
6.70576946
6.80743296
6.94834962
6.87132054
6.69310861
6.59218777
8.68921741
6.45444719
8.52295102
8.37433981
8.19394548
10.12011315
6.05986269
10.09977115
8.14497181
6.14545911
10.32423881
8.34144175
8.34144175
8.45678473
6.23144132
6.21913378
6.24375715
6.25608131
6.26841386
6.28075486
4.21188607
6.31782911
8.44027262
4.22013631
10.46792477
10.36522296
6.30546243
10.38573554
8.24301364
8.12866789
10.38573554
10.05912434
8.03105547
10.2016075
8.37433981
6.29310436
8.57270156
6.47940533
8.72262116
6.51691306
6.61735771
6.73112225
6.8585212
4.5979682
6.94834962
9.24731125
4.48741483
6.90978483
9.40225448
7.11665856
9.4541812
8.7728235
6.29310436
8.34144175
8.11237415
6.1209645
10.12011315
8.12866789
6.33020446
8.97482966
11.64502716
7.10364127
9.6808672
7.31338346
4.92857733
7.32659843
7.48618929
7.56670192
7.6477071
7.23435925
4.94630926
7.48618929
7.60714226
10.25119704
10.03517961
6.87132054
8.75607639
6.25608131
6.14545911
6.14545911
8.21029093
6.24375715
8.55610592
8.90727739
9.05958389
9.12764377
6.7692299
6.71844066
6.69310861
6.74381428
4.51281993
6.82018876
6.974116
4.60652322
6.84573283
8.82314362
4.3780382
8.75607639
8.67253467
6.37979372
8.32500953
6.23144132
8.09609052
5.99894738
6.07206789
8.22664696
8.47330855
6.51691306
8.7728235
6.54196587
6.55450673
6.52943466
4.36967115
6.60476778
6.64256755
4.4620724
0.0
6.80743296
6.87132054
4.61508568
7.11665856
7.19501562
4.77923201
6.62995762
6.54196587
4.26976122
8.53952243
4.26147551
6.41707944
6.44198207
4.31960355
6.54196587
4.36131058
6.55450673
8.75607639
4.3780382
6.57961762
4.3780382
6.59218777
6.57961762
4.3780382
6.59218777
6.57961762
4.36967115
8.75607639
6.54196587
8.72262116
6.46692159
6.41707944
8.44027262
8.34144175
8.22664696
8.27577927
6.26841386
10.52971518
8.48984416
6.37979372
8.50639162
6.39221327
6.46692159
6.44198207
4.28635078
6.45444719
6.35498141
4.22839236
8.48984416
4.26976122
6.46692159
6.50440101
6.59218777
8.83994349
8.53952243
6.26841386
8.21029093
8.07981692
5.99894738
7.94997945
8.12866789
6.24375715
8.45678473
6.36738312
8.44027262
8.50639162
4.25319581
6.36738312
6.35498141
4.30296479
6.42952617
6.46692159
6.59218777
6.64256755
6.60476778
4.38641175
9.04260478
8.94102595
6.47940533
8.55610592
8.39080582
6.36738312
10.65368878
8.52295102
6.31782911
8.39080582
8.39080582
8.37433981
8.32500953
6.24375715
6.24375715
6.24375715
6.24375715
4.16250477
6.24375715
6.26841386
4.19540291
6.29310436
8.39080582
4.20364162
8.42377215
6.33020446
8.42377215
8.39080582
6.30546243
8.44027262
8.47330855
6.37979372
8.55610592
8.55610592
6.42952617
8.58930942
8.57270156
6.44198207
6.47940533
6.47940533
4.33626734
8.70591288
6.55450673
4.36967115
6.62995762
6.57961762
4.38641175
6.56705729
8.7728235
6.59218777
8.7728235
8.7728235
6.57961762
8.78958369
8.80635704
6.64256755
8.87358342
6.71844066
9.02563986
6.80743296
9.11060715
6.84573283
9.11060715
9.12764377
6.84573283
9.11060715
4.5467925
9.11060715
9.09358501
6.84573283
6.84573283
6.88413089
6.87132054
6.80743296
6.78195358
9.04260478
8.89042362
6.62995762
6.49189845
6.54196587
8.78958369
6.65518757
6.88413089
9.07657728
6.79468792
9.05958389
4.64081808
7.15578251
7.16884802
4.65801086
6.8585212
2.26065119
6.65518757
6.64256755
4.41997175
6.62995762
4.42837837
8.7728235
8.65586459
6.41707944
6.44198207
6.47940533
8.62256212
8.55610592
4.26147551
8.53952243
6.41707944
8.53952243
6.37979372
6.37979372
6.37979372
4.23665427
6.36738312
4.26976122
4.25319581
6.37979372
4.25319581
6.34258855
6.33020446
4.21188607
8.40728324
6.29310436
6.28075486
7.71583362
7.47772959
7.71583362
7.776737
7.59624536
9.89793227
7.776737
7.56655491
7.776737
7.776737
7.53690583
5.64157248
5.5972204
5.36860418
5.5529867
6.1577182
4.09697274
6.14545911
4.08880527
6.08428061
6.08428061
6.08428061
6.08428061
8.06355326
5.93821103
7.93379247
5.93821103
9.85660813
7.90144608
5.9746318
8.01482118
10.07944158
6.08428061
8.09609052
7.96617573
5.92608456
5.86555278
5.87764594
3.92649709
5.92608456
6.03547461
4.04804526
6.10872886
4.10514547
6.18226023
6.20683445
6.19454329
8.24301364
8.12866789
6.04766495
4.03177663
4.02364974
2.01995423
2.03216697
4.18716991
2.11419618
4.4620724
4.4620724
0.0
4.31960355
2.13073776
4.24492208
2.10594304
2.09358495
4.16250477
2.07304459
2.09770145
4.14608918
4.11332348
2.02402263
2.06075341
4.10514547
2.0403215
4.06433395
4.05618708
2.06484776
2.06894482
2.07714711
4.16250477
4.15429422
2.06894482
4.14608918
2.09358495
2.05257273
4.06433395
2.01182487
2.00776387
4.02364974
4.11332348
0.0
4.11332348
2.05257273
4.08880527
4.00741059
0.0
3.95880736
3.93456795
1.94712861
3.88620792
3.93456795
0.0
3.91843063
3.93456795
9.79607656
7.80462146
5.88974563
7.91761471
5.91396488
5.92608456
7.83686125
7.88528651
3.91843063
7.83686125
5.88974563
5.92608456
7.91761471
3.97498972
5.96248459
5.95034435
3.95072304
7.82073704
3.91843063
7.75632564
7.74024372
5.91396488
7.98238139
6.07206789
6.19454329
8.29217837
4.14608918
8.04729947
6.07206789
4.06433395
4.04804526
4.03990846
6.05986269
6.08428061
4.080643
6.10872886
6.1209645
2.03216697
6.08428061
6.05986269
4.04804526
8.07981692
4.02364974
8.06355326
5.9746318
6.05986269
8.03105547
4.07248591
8.25939105
6.28075486
6.29310436
6.33020446
6.34258855
4.23665427
6.55450673
2.21418918
6.51691306
6.40464182
4.29465471
6.41707944
6.34258855
4.21188607
6.34258855
6.30546243
6.23144132
8.29217837
6.1332079
8.22664696
8.161286
6.1332079
8.14497181
6.20683445
8.34144175
8.47330855
6.45444719
8.6392071
6.44198207
4.50434454
6.64256755
6.71844066
4.42837837
6.61735771
6.69310861
2.2310362
6.71844066
4.56382188
9.12764377
6.66781771
6.65518757
6.65518757
8.80635704
6.47940533
8.6392071
6.45444719
8.68921741
8.67253467
6.50440101
8.97482966
8.89042362
4.44521181
8.85675674
6.68045804
4.44521181
6.66781771
4.45363869
6.74381428
6.73112225
2.23948022
6.66781771
6.75651682
6.71844066
6.82018876
9.14469493
6.69310861
8.78958369
8.68921741
6.50440101
8.75607639
8.70591288
6.87132054
7.12968783
7.20811782
9.57590094
9.69841966
7.30018123
7.37958662
7.39286599
4.99079286
7.45945933
7.45945933
2.4820381
7.36632023
7.06466075
4.64081808
8.92414481
8.83994349
4.41157181
8.72262116
6.49189845
8.27577927
8.37433981
6.28075486
8.32500953
8.32500953
6.21913378
8.47330855
8.47330855
6.36738312
8.48984416
6.37979372
4.30296479
6.55450673
5.86522175
5.65884337
5.98966881
6.00103594
5.70233527
5.89905605
8.22364184
8.03173033
6.02379775
8.11486173
7.8353216
5.79778386
3.62225419
7.7154314
5.75299194
7.92974894
9.85860679
7.8837297
7.91439798
7.7154314
5.74181435
5.74181435
5.50765056
5.71948327
4.17072087
6.28075486
6.16998522
4.08880527
6.16998522
6.25608131
4.17072087
6.24375715
6.52943466
4.33626734
6.49189845
4.29465471
6.31782911
6.33020446
4.22839236
6.34258855
6.37979372
4.27805296
6.40464182
4.27805296
6.44198207
6.42952617
4.25319581
6.36738312
4.31960355
4.23665427
6.36738312
6.40464182
4.28635078
6.42952617
4.41157181
6.56705729
6.47940533
4.28635078
6.37979372
6.37979372
4.26147551
6.33020446
4.36967115
4.27805296
6.40464182
4.36967115
6.65518757
4.44521181
6.68045804
4.4620724
6.71844066
6.74381428
4.52130239
6.7692299
6.78195358
4.56382188
6.87132054
9.24731125
4.63223308
9.29882133
7.02578621
9.33323741
9.35046846
6.974116
9.26446616
7.02578621
9.62830979
9.75117795
7.4461143
9.83944883
9.91037667
7.47281765
9.98158572
5.00864851
7.58016828
5.1075044
5.12559852
7.70198954
7.72921566
5.11654677
7.66125661
7.67482015
7.71559548
7.74285013
7.72921566
10.19694279
10.08893589
7.52638471
9.9281524
10.03517961
7.56670192
10.12486451
7.62064997
10.16086663
10.17889542
7.62064997
10.17889542
7.63417157
5.08043331
7.60714226
7.56670192
5.02654012
4.99971621
7.53981018
5.00864851
7.49957431
7.48618929
9.99943242
7.41946389
7.55324923
10.07099898
10.10689104
7.59364838
10.05308024
9.9281524
7.4461143
9.9281524
9.98158572
7.51297277
10.14285635
7.63417157
7.72921566
7.81123848
7.85244613
5.32718046
5.3923347
8.15877731
5.51469684
8.34336507
8.44390891
8.4294952
11.35497615
8.30052399
10.87836974
7.92142101
7.53981018
12.45469608
10.16086663
7.63417157
10.54346167
10.65436092
7.94911555
10.36021615
10.01729703
4.82290616
7.12968783
7.14272913
4.78795047
7.16884802
7.22123234
4.76181942
7.07764241
4.70112724
7.02578621
9.36771495
7.02578621
9.31602172
6.94834962
6.88413089
9.24731125
9.24731125
7.02578621
9.38497693
9.40225448
4.70977383
9.48887808
9.47152169
7.12968783
9.47152169
7.12968783
4.76181942
7.14272913
4.76181942
4.77052167
7.16884802
7.15578251
4.76181942
7.15578251
4.77052167
7.14272913
7.12968783
4.7270906
7.05169086
7.0387327
4.67523423
7.01285135
4.66661871
6.99992806
6.974116
4.64081808
6.94834962
6.93548344
4.61508568
6.96122713
6.98701629
4.68385747
7.05169086
4.70977383
7.06466075
4.71842827
4.68385747
7.0387327
7.0906359
4.77052167
6.99992806
4.61508568
6.7692299
6.68045804
4.49587619
6.75651682
6.78195358
4.53828864
4.63223308
4.77052167
7.41946389
7.49957431
5.01758981
7.60714226
4.99079286
7.45945933
7.39286599
4.76181942
7.06466075
7.02578621
4.65801086
6.8969523
6.82018876
6.79468792
9.04260478
6.79468792
8.99175238
8.85675674
6.71844066
6.78195358
9.11060715
6.84573283
9.12764377
9.14469493
6.87132054
6.87132054
6.87132054
6.8969523
6.90978483
4.60652322
6.92262853
6.94834962
2.32470533
7.02578621
7.0387327
4.68385747
9.33323741
7.01285135
7.0387327
9.43685655
7.10364127
7.22123234
9.40225448
6.974116
9.23017137
9.21304644
6.90978483
9.23017137
4.63223308
9.36771495
9.38497693
4.67523423
4.65801086
6.98701629
4.60652322
6.90978483
6.8969523
4.64081808
7.0387327
4.60652322
6.87132054
9.28163617
4.52979195
8.95792088
8.89042362
4.43679171
8.89042362
8.83994349
6.65518757
6.64256755
8.95792088
6.65518757
8.85675674
4.40317852
8.75607639
6.55450673
4.49587619
6.74381428
6.75651682
2.3635453
6.93548344
6.974116
4.63223308
7.07764241
9.35046846
4.64941067
9.1959364
4.55530357
9.09358501
9.04260478
6.7692299
6.7692299
9.07657728
6.87132054
9.1959364
9.16176072
4.5979682
9.1959364
9.17884118
4.58088036
6.90978483
6.93548344
2.32900543
6.96122713
6.98701629
4.65801086
6.98701629
6.98701629
6.974116
6.98701629
9.29882133
4.58088036
9.02563986
8.90727739
4.45363869
8.92414481
8.99175238
6.83295536
9.21304644
6.96122713
6.94834962
7.01285135
6.94834962
6.93548344
6.8969523
4.60652322
6.88413089
4.68385747
4.65801086
6.96122713
6.88413089
4.64081808
6.96122713
6.93548344
2.29044018
6.84573283
6.71844066
4.38641175
6.41707944
4.26147551
6.42952617
6.47940533
2.16813367
6.51691306
6.56705729
4.3780382
6.56705729
4.36967115
6.54196587
6.51691306
2.16396615
6.47940533
6.47940533
4.30296479
6.50440101
6.47940533
2.16396615
6.47940533
4.31960355
6.47940533
6.54196587
4.3780382
4.38641175
6.59218777
4.40317852
6.60476778
4.41157181
6.64256755
4.41997175
4.40317852
6.56705729
4.3780382
6.54196587
4.36967115
4.36967115
6.59218777
6.62995762
4.43679171
6.71844066
6.75651682
4.52979195
8.97482966
4.47051297
8.80635704
6.46692159
6.46692159
8.60592959
8.62256212
6.45444719
6.51691306
6.52943466
8.78958369
8.82314362
8.80635704
4.42837837
6.61735771
6.55450673
4.3780382
6.54196587
6.52943466
2.16396615
6.49189845
6.50440101
4.35295644
8.68921741
6.50440101
6.50440101
6.50440101
8.68921741
6.50440101
6.52943466
8.70591288
6.51691306
6.52943466
8.70591288
8.68921741
4.3780382
8.72262116
6.57961762
4.35295644
6.51691306
6.51691306
4.36131058
6.55450673
6.56705729
4.36967115
6.54196587
6.52943466
4.34460871
8.6392071
6.50440101
6.46692159
6.47940533
8.62256212
4.31128106
8.60592959
8.57270156
6.37979372
6.35498141
8.44027262
6.37979372
6.33020446
8.47330855
6.50440101
4.36967115
4.38641175
6.61735771
6.66781771
4.44521181
6.68045804
6.70576946
4.4620724
8.97482966
6.78195358
6.80743296
6.73112225
8.92414481
4.47896044
8.82314362
8.87358342
4.47051297
9.17884118
9.50625045
7.19501562
7.35306676
7.51297277
10.03517961
5.06243225
7.66125661
4.95518834
4.84920983
7.18192571
7.07764241
4.64081808
6.82018876
6.7692299
4.49587619
6.73112225
2.22681935
2.2057859
4.3780382
4.38641175
2.18065529
4.36967115
2.19739592
2.19739592
4.39479184
4.39479184
4.3780382
0.0
4.42837837
4.44521181
2.23525649
2.22681935
4.4620724
2.24370742
2.20998587
4.40317852
2.20998587
4.38641175
2.1890191
2.18065529
4.36131058
4.38641175
0.0
4.3780382
4.36131058
0.0
4.40317852
2.22681935
4.48741483
2.25217227
2.26914432
4.58088036
4.60652322
0.0
4.55530357
4.56382188
2.28191094
2.26065119
4.52130239
2.26065119
4.50434454
2.24793809
2.25217227
4.51281993
4.51281993
0.0
4.47896044
4.47896044
2.24793809
2.24793809
4.48741483
2.25217227
4.50434454
0.0
4.51281993
4.50434454
2.25640997
4.52979195
2.26914432
2.26914432
4.53828864
4.57234747
0.0
4.57234747
4.58088036
2.28617373
4.56382188
2.27765179
4.5467925
2.26065119
2.25217227
4.50434454
4.49587619
2.34192874
4.67523423
4.64941067
0.0
4.58942059
4.61508568
2.32040904
4.64941067
2.33330935
4.70977383
2.35921414
4.70112724
2.35056362
2.34192874
4.66661871
4.71842827
2.35488692
2.34192874
4.69248847
2.33330935
4.60652322
4.58088036
2.27765179
4.53828864
2.27339625
2.2989841
4.63223308
4.62365563
2.31182781
4.61508568
2.30754284
2.32470533
4.64941067
4.64941067
0.0
4.64941067
4.74443904
2.38526084
2.39833854
4.87558898
4.89321746
2.43779449
4.8404336
2.38961601
2.33330935
4.65801086
4.63223308
2.2947103
4.61508568
2.32040904
2.31611654
4.70977383
4.76181942
2.43339374
4.99971621
2.5537522
2.6083199
5.24414095
5.29941036
0.0
5.36434972
5.36434972
0.0
5.38299602
5.35504204
2.65432848
5.14373032
5.08043331
2.5087949
2.45544008
4.82290616
2.37656261
4.7270906
4.76181942
4.76181942
0.0
4.80541188
4.79667708
2.40270594
4.81415489
2.41145308
2.4202168
4.84920983
2.42460491
2.41145308
4.8404336
4.8404336
0.0
4.89321746
4.87558898
2.43339374
4.87558898
4.86678748
0.0
4.75312522
4.78795047
2.38961601
4.85799445
4.99971621
5.11654677
0.0
5.22579705
5.16190009
2.61289853
2.64508692
5.31791364
2.64047367
5.23496409
2.56732985
2.51774974
5.11654677
4.91972441
0.0
4.88439896
4.88439896
0.0
4.83166572
4.83166572
2.4202168
2.41583286
4.79667708
2.38961601
4.76181942
2.35921414
2.33761712
4.65801086
4.66661871
0.0
4.64941067
4.63223308
2.30754284
2.29044018
4.57234747
2.27339625
4.51281993
2.23525649
2.21839586
4.39479184
4.40317852
0.0
4.36131058
4.31960355
2.14317539
4.26976122
2.13902648
2.1514824
4.31960355
2.15564053
2.14732736
4.26147551
2.12246104
4.29465471
2.17230435
2.18065529
4.43679171
4.45363869
0.0
4.4620724
4.40317852
2.17230435
4.29465471
2.15564053
2.14732736
4.28635078
4.23665427
2.11419618
4.21188607
4.22839236
0.0
4.27805296
4.28635078
2.14317539
4.26976122
4.30296479
0.0
4.31128106
2.15564053
2.15980178
4.31960355
4.34460871
2.1514824
2.12659791
4.29465471
2.14732736
4.29465471
2.1514824
2.15980178
4.30296479
2.1514824
4.29465471
2.15980178
4.31128106
2.15564053
4.27805296
2.14317539
4.31960355
4.29465471
2.14732736
2.14317539
4.27805296
2.13902648
2.14317539
4.24492208
4.27805296
2.13073776
2.14732736
4.27805296
2.13073776
4.27805296
2.1514824
2.15980178
4.3279323
4.31128106
2.14732736
4.27805296
4.26976122
0.0
4.28635078
4.29465471
4.31128106
2.14317539
4.27805296
2.12659791
2.12659791
4.26976122
2.14317539
2.15564053
4.29465471
4.26976122
0.0
4.29465471
4.29465471
2.13902648
4.31128106
2.15564053
4.31960355
2.15980178
4.31960355
4.28635078
2.13073776
2.14317539
4.30296479
2.16396615
4.39479184
4.39479184
2.19320587
2.19320587
4.39479184
4.41157181
0.0
4.36967115
4.31128106
2.1514824
2.1890191
4.34460871
2.18065529
4.38641175
2.2057859
2.21839586
4.41997175
4.41157181
2.2057859
4.41157181
2.21839586
4.41157181
2.16396615
4.29465471
4.23665427
2.11832714
2.10594304
4.20364162
2.08125238
4.20364162
2.11006815
2.10594304
4.21188607
2.10182081
4.20364162
2.11006815
4.22013631
2.10594304
2.11832714
4.30296479
4.25319581
0.0
4.25319581
4.22839236
2.11419618
2.13488061
4.27805296
2.14317539
4.33626734
2.18065529
2.19739592
4.40317852
4.41997175
0.0
4.45363869
4.48741483
2.25640997
2.23948022
4.53828864
2.29044018
4.58942059
2.30326161
4.65801086
2.2989841
4.57234747
2.25640997
2.23525649
4.44521181
4.45363869
2.24793809
2.26489597
4.5467925
2.26065119
4.44521181
2.20998587
2.18483558
4.35295644
2.14317539
2.15564053
4.26147551
4.27805296
2.14732736
4.39479184
2.2310362
2.24793809
4.47896044
4.47896044
2.24793809
4.49587619
2.23948022
2.2226059
4.41997175
2.20998587
4.43679171
4.48741483
2.22681935
2.24793809
4.48741483
2.24793809
4.52130239
2.25217227
2.25217227
4.51281993
4.50434454
0.0
4.69248847
4.71842827
2.3635453
2.37221952
4.75312522
2.38526084
4.80541188
2.39833854
4.77052167
2.36788042
2.3635453
4.71842827
4.73576085
2.36788042
4.74443904
0.0
4.76181942
4.77052167
2.38090971
2.37656261
4.74443904
2.37221952
4.75312522
2.39833854
2.39397524
4.76181942
2.35056362
2.33761712
4.64081808
4.5979682
2.26914432
4.38641175
2.17647822
2.16396615
4.31960355
2.1514824
4.28635078
4.27805296
0.0
4.38641175
4.39479184
2.2057859
4.41157181
2.20998587
2.2226059
4.43679171
2.2226059
2.23525649
4.47896044
4.50434454
0.0
4.64081808
4.73576085
2.41145308
4.91972441
2.4998581
2.47315463
4.93743893
4.92857733
2.43339374
4.84920983
2.42460491
2.44219948
4.86678748
4.90204451
2.46428866
2.45544008
4.86678748
2.40270594
4.78795047
2.38961601
2.38526084
4.78795047
4.78795047
0.0
4.81415489
4.8404336
2.42460491
4.83166572
2.43339374
2.42899722
4.85799445
2.42460491
4.83166572
2.4202168
4.8404336
2.41145308
4.81415489
2.41145308
4.82290616
2.41145308
2.38961601
4.77052167
2.39397524
2.39833854
4.81415489
4.8404336
2.41145308
2.40707745
4.83166572
4.85799445
0.0
4.88439896
4.90204451
0.0
4.86678748
2.43339374
4.89321746
2.44219948
2.45986221
4.93743893
2.46428866
2.46871947
4.92857733
2.46428866
4.93743893
2.47315463
2.4820381
4.98187843
4.99971621
0.0
4.98187843
4.9640762
2.47759417
2.47759417
4.94630926
2.45986221
4.95518834
2.45544008
2.44219948
4.90204451
2.45544008
2.47315463
4.99971621
2.5087949
4.93743893
2.45544008
2.45544008
4.89321746
4.88439896
2.42460491
2.41583286
2.41583286
